timestamp,z20_y0_x0,z20_y0_x25,z20_y0_x50,z20_y0_x80,z40_y0_x0,z40_y0_x25,z40_y0_x50,z40_y0_x80,z60_y0_x0,z60_y0_x25,z60_y0_x50,z60_y0_x80
1657062000,-22.766877212399997,-20.75356764,-138.1218939975,-812.4897887631,-22.766877212399997,-25.54639104,-26.792089743600002,-421.8059373591,-272.83201490790003,-233.7057092604,-159.27949493190002,-236.6969060604
1657065600,-22.766877212399997,-20.75356764,-137.0815304799,-805.6836778224,-22.766877212399997,-25.54639104,-26.792089743600002,-417.4666689756,-272.0876136951,-232.2097025916,-158.61912740309998,-233.7057092604
1657069200,-22.766877212399997,-21.3288467904,-135.6626456319,-800.9111617883999,-22.766877212399997,-25.54639104,-26.792089743600002,-413.4449959356,-271.7153875719,-230.7134237436,-158.2417511391,-230.7134237436
1657072800,-22.766877212399997,-20.75356764,-134.29082955360002,-796.0919990750999,-22.766877212399997,-25.54639104,-26.792089743600002,-409.46700032309997,-271.3431444375,-229.59103599,-157.2038786991,-228.0475028439
1657076400,-22.766877212399997,-21.0412119996,-132.8714742396,-792.4863410544,-22.766877212399997,-25.8338759196,-26.792089743600002,-405.4412339631,-270.5986071351,-228.0475028439,-155.83557756,-225.0531589719
1657080000,-22.766877212399997,-21.0412119996,-131.8304616384,-790.8784094511,-23.1023832231,-25.8338759196,-26.792089743600002,-402.1458941151,-270.2263129671,-226.9247514759,-154.7974068924,-222.8066865975
1657083600,-22.766877212399997,-20.75356764,-130.0793775975,-788.8788519375,-23.1023832231,-25.8338759196,-26.792089743600002,-398.89497354239995,-269.8540017879,-225.80184700709998,-153.7591075776,-220.55960181990002
1657087200,-22.766877212399997,-20.75356764,-129.4167103671,-790.0960408839,-23.1023832231,-25.8338759196,-26.792089743600002,-396.3299219904,-269.4816735975,-225.0531589719,-152.7206796156,-218.87388634709998
1657090800,-23.1023832231,-21.0412119996,-127.9965337311,-792.8774045319,-23.1023832231,-26.1692628519,-27.0795331584,-394.863804,-269.8540017879,-224.3044028919,-152.0125867911,-217.89039324
1657094400,-23.1023832231,-21.0412119996,-127.6651247616,-797.3079525831,-23.3899494375,-26.1692628519,-27.0795331584,-395.23035901440005,-270.5986071351,-224.6787894375,-151.6821230064,-217.89039324
1657098000,-23.3899494375,-21.3288467904,-127.6651247616,-806.46432879,-23.3899494375,-26.1692628519,-27.0795331584,-398.16218672639997,-271.3431444375,-225.80184700709998,-152.0125867911,-218.87388634709998
1657101600,-23.3899494375,-21.3288467904,-127.9965337311,-819.6356469276,-23.3899494375,-26.4567269991,-27.0795331584,-405.4412339631,-272.83201490790003,-229.9651822524,-153.05110246709998,-222.4322149959
1657105200,-22.19169375,-21.6164720124,-129.4167103671,-835.5901968639,-23.1023832231,-25.2588965916,-27.0795331584,-416.0044805724,-275.8089393111,-235.94920892759998,-155.83557756,-228.0475028439
1657108800,-22.19169375,-21.3288467904,-130.78932039,-849.8709378875999,-22.4792902656,-25.2588965916,-27.0795331584,-423.99749757989997,-280.9694609904,-242.3491625439,-158.61912740309998,-234.0796683996
1657112400,-22.4792902656,-21.0412119996,-132.20902656,-858.6148104999,-22.19169375,-25.2588965916,-27.0795331584,-433.80634623839995,-287.2413575319,-248.6974668591,-162.0618999744,-239.7337259439
1657116000,-22.766877212399997,-21.3288467904,-132.8714742396,-860.5946584119,-21.9040876656,-25.2588965916,-27.0795331584,-435.994551,-291.6984256599,-253.1756628975,-165.2204583351,-243.4698087759
1657119600,-22.766877212399997,-21.0412119996,-133.24999238040002,-859.0022163036,-21.9040876656,-25.2588965916,-27.0795331584,-435.26521745760004,-294.2972508231,-255.78681267509998,-167.9537692119,-244.96376559509997
1657123200,-23.1023832231,-21.0412119996,-133.5811817991,-855.4286576199,-21.9040876656,-25.2588965916,-27.0795331584,-433.07680856160005,-296.10665452439997,-256.1597660271,-170.0738254524,-244.96376559509997
1657126800,-23.1023832231,-20.75356764,-133.24999238040002,-851.0776404924001,-21.9040876656,-25.2588965916,-26.792089743600002,-430.52289084,-297.21993278040003,-255.78681267509998,-171.1101014976,-244.2168212079
1657130400,-23.1023832231,-20.75356764,-132.8714742396,-846.68079216,-22.19169375,-25.2588965916,-26.792089743600002,-428.3787808119,-297.21993278040003,-255.4138423119,-172.14624889560002,-243.0962770431
1657134000,-22.766877212399997,-20.75356764,-131.8304616384,-840.7277133564,-21.9040876656,-24.9234743079,-26.792089743600002,-424.3626980775,-296.4777642876,-253.9217907471,-172.47590517990002,-241.6019799999
1657137600,-22.766877212399997,-20.75356764,-130.4580211959,-833.9920506876,-21.9040876656,-24.6359591271,-26.4567269991,-420.02484375,-295.73552775,-252.4294670031,-172.47590517990002,-239.7337259439
1657141200,-22.766877212399997,-20.465913711600003,-129.4167103671,-827.5958271804,-21.9040876656,-24.6359591271,-26.4567269991,-416.0044805724,-294.6684435159,-250.19047105110002,-172.14624889560002,-236.6969060604
1657144800,-22.766877212399997,-20.465913711600003,-127.9965337311,-822.05926311,-21.9040876656,-24.6359591271,-26.4567269991,-411.9820590396,-293.1835706775,-248.3241732831,-171.1101014976,-234.0796683996
1657148400,-22.766877212399997,-20.465913711600003,-126.6234689244,-817.2544982511,-21.9040876656,-24.6359591271,-26.4567269991,-408.3692681775,-292.0697374311,-246.08405459189999,-170.0738254524,-231.46159719
1657152000,-22.766877212399997,-20.465913711600003,-125.2028218224,-812.4897887631,-21.9040876656,-24.6359591271,-26.4567269991,-404.7090552975,-290.5843882791,-244.2168212079,-169.36719984389998,-229.2168727164
1657155600,-22.766877212399997,-20.465913711600003,-123.8293022319,-810.0628830399,-21.9040876656,-24.6359591271,-26.4567269991,-401.0471412975,-289.4701977975,-241.9755797775,-168.3307074375,-226.5504669975
1657159200,-22.766877212399997,-20.465913711600003,-122.7871727391,-808.8924699516,-21.9040876656,-24.6359591271,-26.4567269991,-397.79576780160005,-287.9843723319,-240.1074107775,-166.9171013775,-224.3044028919
1657162800,-22.766877212399997,-20.465913711600003,-121.0342102896,-808.0687297719,-21.9040876656,-25.54639104,-26.4567269991,-395.23035901440005,-286.86982461509996,-237.81832417560003,-165.8803048959,-222.0577263831
1657166400,-22.766877212399997,-20.465913711600003,-119.9917357884,-808.4589344496001,-21.9040876656,-25.8338759196,-26.1692628519,-392.2974425856,-285.7551237975,-235.94920892759998,-164.8433797671,-219.8572622364
1657170000,-22.766877212399997,-20.465913711600003,-118.94913264,-809.6727668736,-21.9040876656,-26.1692628519,-26.1692628519,-390.5096627775,-285.05835804,-234.45361052759998,-163.8063259911,-218.5460683356
1657173600,-22.766877212399997,-20.75356764,-117.90640084440001,-814.0495022775,-22.19169375,-26.792089743600002,-26.1692628519,-389.40928964309995,-284.68672518240004,-232.9577399484,-162.76914356790002,-217.23466604759997
1657177200,-23.1023832231,-20.75356764,-116.8635404016,-819.2460594375,-22.19169375,-26.792089743600002,-26.4567269991,-389.40928964309995,-284.68672518240004,-232.2097025916,-162.0618999744,-216.9067829151
1657180800,-23.1023832231,-21.0412119996,-116.4842865264,-827.5958271804,-22.19169375,-27.0795331584,-26.4567269991,-391.2431598111,-285.05835804,-232.2097025916,-161.40175199639998,-217.23466604759997
1657184400,-23.3899494375,-21.0412119996,-116.4842865264,-837.1448006391,-22.19169375,-27.0795331584,-26.4567269991,-395.59689701760004,-286.4982746871,-234.0796683996,-162.43910400000001,-219.5294832975
1657188000,-23.3899494375,-21.0412119996,-116.8635404016,-849.8709378875999,-22.4792902656,-27.3669670044,-26.4567269991,-403.61065971510004,-289.0987669479,-238.2388164975,-164.1363116016,-223.92999933509998
1657191600,-22.766877212399997,-21.0412119996,-117.52719375,-864.5526669375,-22.19169375,-26.4567269991,-26.4567269991,-414.54201999,-293.55481440389997,-245.7106419375,-167.29408638389998,-229.9651822524
1657195200,-22.766877212399997,-21.3288467904,-118.94913264,-875.6402986719,-21.9040876656,-26.4567269991,-26.792089743600002,-425.09304803910004,-299.44602999,-253.9217907471,-170.7332887296,-236.3230659996
1657198800,-22.766877212399997,-21.3288467904,-119.9917357884,-882.7219501884,-21.9040876656,-26.4567269991,-26.792089743600002,-432.7120142064,-305.3329584879,-260.5872866556,-174.54773216790002,-242.3491625439
1657202400,-23.1023832231,-21.3288467904,-120.70252781190001,-888.2534737359,-22.19169375,-25.8338759196,-26.4567269991,-437.4530139504,-309.7800750639,-264.3138644796,-178.0310079831,-246.8775
1657206000,-23.1023832231,-21.3288467904,-121.7449145991,-891.81017751,-21.9040876656,-25.8338759196,-26.4567269991,-440.3235674775,-313.4841343119,-264.3138644796,-181.8421143024,-250.93687107990002
1657209600,-23.1023832231,-21.3288467904,-122.0765561436,-893.3951059839,-21.9040876656,-26.1692628519,-26.4567269991,-442.1455935975,-316.3998836736,-260.2145353116,-185.6514767079,-253.9217907471
1657213200,-23.1023832231,-21.3288467904,-122.40818466389999,-893.0096163324,-21.9040876656,-26.4567269991,-26.1692628519,-441.7812223959,-319.36083456,-255.0408549375,-189.08311172759997,-255.78681267509998
1657216800,-23.1023832231,-21.0412119996,-122.40818466389999,-889.0678205436,-21.9040876656,-26.792089743600002,-26.1692628519,-440.3235674775,-321.5808332544,-249.07074342389998,-192.23144795189998,-256.5327023679
1657220400,-23.1023832231,-21.0412119996,-121.7449145991,-882.7219501884,-21.6164720124,-26.792089743600002,-26.1692628519,-437.0884237296,-322.69060295040003,-242.3491625439,-194.2983629559,-255.78681267509998
1657224000,-22.4792902656,-20.75356764,-34.166775,-764.4476879616001,-21.6164720124,-26.792089743600002,-25.8338759196,-48.5627312271,-44.5954868604,-234.45361052759998,-194.62714289759998,-38.7129500775
1657227600,-22.4792902656,-20.75356764,-34.166775,-535.3150172679,-21.6164720124,-26.4567269991,-25.8338759196,-52.81472991,-27.7022943975,-228.0475028439,-194.62714289759998,-39.6697338975
1657231200,-22.4792902656,-20.75356764,-33.8316987879,-435.6298927344,-21.6164720124,-26.4567269991,-25.8338759196,-57.0646231911,-27.9897075111,-222.8066865975,-194.2983629559,-41.34384975
1657234800,-22.4792902656,-20.75356764,-33.8316987879,-388.6756224975,-21.6164720124,-26.4567269991,-25.54639104,-62.6006495775,-28.9476821151,-217.5625361559,-193.2649697775,-42.9698219376
1657238400,-22.4792902656,-20.75356764,-33.8316987879,-366.3580590711,-21.6164720124,-26.1692628519,-25.54639104,-68.9435889264,-29.85765951,-212.9711694375,-192.23144795189998,-44.9301444375
1657242000,-22.4792902656,-20.75356764,-33.8316987879,-355.35993276,-21.6164720124,-26.4567269991,-25.54639104,-76.2821711004,-30.767540951100003,-209.03368047509997,-190.8218926839,-46.93781639189999
1657245600,-22.4792902656,-20.75356764,-33.8316987879,-350.9840756775,-21.6164720124,-26.4567269991,-25.54639104,-84.3282956271,-32.0124863775,-205.4226680316,-189.78806678310002,-49.2317244975
1657249200,-22.4792902656,-20.75356764,-33.8316987879,-351.3526614039,-21.6164720124,-26.4567269991,-25.2588965916,-93.0799410975,-33.5444802399,-201.81007965990003,-188.0490694656,-51.85940799
1657252800,-22.766877212399997,-20.75356764,-33.8316987879,-353.8862277744,-21.6164720124,-26.4567269991,-25.54639104,-102.5349066876,-35.4590898159,-198.7592654064,-186.6858171975,-54.4862874375
1657256400,-22.766877212399997,-20.75356764,-33.8316987879,-357.20168124,-21.6164720124,-26.4567269991,-25.2588965916,-112.31137116,-37.7560599375,-195.66036649560002,-185.2753209975,-57.3987951516
1657260000,-22.766877212399997,-20.75356764,-33.8316987879,-361.9882369776,-21.6164720124,-26.792089743600002,-25.2588965916,-123.1187733504,-40.0045831164,-192.88915854389998,-184.2408050799,-61.2169782876
1657263600,-23.1023832231,-21.0412119996,-34.166775,-367.4616345639,-21.9040876656,-26.792089743600002,-25.2588965916,-134.9531135004,-42.9698219376,-190.4929620336,-182.8769284476,-65.4150149436
1657267200,-23.1023832231,-21.0412119996,-34.166775,-372.9312681564,-21.9040876656,-26.792089743600002,-25.54639104,-147.47937653190002,-46.268644503900006,-188.0490694656,-181.8421143024,-69.99234375
1657270800,-23.1023832231,-21.0412119996,-34.166775,-381.3811072956,-21.9040876656,-26.792089743600002,-25.54639104,-161.02450119,-50.2351167216,-186.30970826790002,-180.80717151,-75.23418816
1657274400,-23.1023832231,-21.0412119996,-34.166775,-391.93075148160005,-22.19169375,-27.0795331584,-25.54639104,-176.6190445671,-54.4862874375,-185.6514767079,-180.43079678040002,-81.5677593879
1657278000,-23.3899494375,-21.3288467904,-34.4539728156,-407.2713829311,-22.19169375,-27.0795331584,-25.54639104,-195.33162748709998,-59.4512800311,-186.6858171975,-181.8421143024,-89.2284233436
1657281600,-23.3899494375,-21.3288467904,-34.4539728156,-426.1884453975,-22.19169375,-27.3669670044,-25.54639104,-216.2509775775,-66.13038404310001,-189.4590951996,-183.9116139456,-97.9750313724
1657285200,-23.3899494375,-21.3288467904,-34.4539728156,-442.5099477879,-22.4792902656,-27.3669670044,-25.8338759196,-243.0962770431,-74.1860765724,-194.2983629559,-187.39097559,-108.1363974384
1657288800,-23.3899494375,-21.0412119996,-34.789024839899994,-472.5559431936,-22.4792902656,-27.7022943975,-25.54639104,-272.4598228071,-84.3282956271,-200.1674730684,-190.8218926839,-119.2808839599
1657292400,-23.3899494375,-21.0412119996,-34.789024839899994,-497.1513193839,-22.4792902656,-27.7022943975,-25.8338759196,-301.30064319,-97.30984488959999,-206.0793329664,-194.95590981509997,-132.20902656
1657296000,-23.3899494375,-21.3288467904,-35.12406384,-520.3609260591,-22.766877212399997,-27.9897075111,-25.8338759196,-327.4516260975,-113.73418719,-211.6588815039,-199.46339913990002,-145.4008364991
1657299600,-23.3899494375,-21.3288467904,-35.4590898159,-539.8135203279,-22.766877212399997,-27.9897075111,-25.8338759196,-349.5095626599,-134.29082955360002,-215.59512014310002,-203.1239304975,-159.27949493190002
1657303200,-23.3899494375,-21.0412119996,-35.4590898159,-553.2032969751,-22.766877212399997,-28.325010716399998,-25.8338759196,-367.0937930775,-159.27949493190002,-218.2182372999,-206.7359458044,-172.14624889560002
1657306800,-23.3899494375,-20.75356764,-35.7941027676,-561.3693356558999,-22.766877212399997,-27.9897075111,-25.8338759196,-378.4430534844,-188.0490694656,-218.5460683356,-209.03368047509997,-183.5824097871
1657310400,-23.3899494375,-20.75356764,-36.08124636,-565.4938731975,-23.1023832231,-28.325010716399998,-25.8338759196,-385.7402734671,-218.2182372999,-217.89039324,-210.67452879959998,-193.5937906524
1657314000,-23.3899494375,-20.75356764,-36.4162351239,-567.6897195516001,-23.1023832231,-28.6124030976,-25.8338759196,-390.5096627775,-251.3100455775,-216.5788867584,-211.00265939189998,-202.1385619056
1657317600,-23.3899494375,-20.75356764,-36.4162351239,-568.8098034591001,-23.3899494375,-29.235053763899998,-25.8338759196,-393.03077376,-282.8283057264,-215.59512014310002,-211.00265939189998,-208.7054717376
1657321200,-23.7254312604,-20.75356764,-37.0861735791,-569.5713656255999,-23.3899494375,-29.5224158439,-25.8338759196,-394.13064293760004,-309.7800750639,-213.9552486336,-210.3463851831,-213.6272352591
1657324800,-23.7254312604,-20.75356764,-37.4211232704,-570.6911704431,-23.3899494375,-29.85765951,-25.8338759196,-394.13064293760004,-332.6254607439,-212.3150515191,-209.03368047509997,-217.89039324
1657328400,-24.0129767424,-20.75356764,-37.7560599375,-571.8108091355999,-23.7254312604,-30.4802203359,-25.8338759196,-393.7640368896,-352.4583165159,-211.33077696,-208.3772499759,-221.3086981239
1657332000,-24.3005126556,-20.75356764,-38.0431381431,-572.9302817030999,-24.0129767424,-30.767540951100003,-25.8338759196,-392.6641166784,-367.8294590391,-210.0182285424,-207.0642326871,-223.5555787671
1657335600,-24.3005126556,-20.75356764,-38.378050622399996,-574.7658570864,-24.0129767424,-31.0548519975,-25.8338759196,-391.93075148160005,-381.3811072956,-209.03368047509997,-205.7510070111,-225.4275114951
1657339200,-24.6359591271,-20.75356764,-38.7129500775,-576.6009856599,-24.0129767424,-31.6773264384,-26.1692628519,-390.87641979989996,-391.93075148160005,-207.72076737990002,-204.4375729479,-226.9247514759
1657342800,-24.9234743079,-20.75356764,-39.0478365084,-578.4804101775,-24.3005126556,-32.0124863775,-26.1692628519,-390.1428887439,-400.36034304,-207.0642326871,-203.4523606464,-226.9247514759
1657346400,-25.2588965916,-21.0412119996,-39.3827099151,-582.1931321723999,-24.6359591271,-32.5870159719,-26.1692628519,-389.77609769910003,-408.3692681775,-206.4076458975,-202.4670311271,-227.6732693991
1657350000,-25.54639104,-21.0412119996,-40.0045831164,-587.3789287836,-24.6359591271,-33.20937984,-26.4567269991,-390.87641979989996,-414.1763623164,-206.0793329664,-201.81007965990003,-228.4217192775
1657353600,-25.8338759196,-21.0412119996,-40.3394193111,-594.79376124,-24.9234743079,-33.8316987879,-26.4567269991,-394.49723197440005,-419.6594412444,-207.3925065456,-201.81007965990003,-229.9651822524
1657357200,-26.1692628519,-21.3288467904,-41.0090526279,-606.9721062279,-25.2588965916,-34.4539728156,-26.792089743600002,-401.4134092479,-425.09304803910004,-210.67452879959998,-203.1239304975,-233.33173311
1657360800,-21.3288467904,-21.6164720124,-41.6308083456,-623.2235604444,-23.3899494375,-26.792089743600002,-26.792089743600002,-411.61628228760003,-431.6175290736,-216.2509775775,-206.0793329664,-238.2388164975
1657364400,-21.3288467904,-21.3288467904,-42.30034119,-639.0845628975,-22.766877212399997,-26.4567269991,-27.0795331584,-423.2670455511,-440.6880067239,-224.6787894375,-210.0182285424,-244.59030190709998
1657368000,-21.6164720124,-21.0412119996,-43.3045427751,-653.7601572636,-22.4792902656,-26.1692628519,-27.0795331584,-433.80634623839995,-448.6558591164,-234.0796683996,-213.6272352591,-250.93687107990002
1657371600,-23.1023832231,-21.0412119996,-44.5954868604,-670.6607484863999,-22.19169375,-25.54639104,-27.3669670044,-442.1455935975,-437.0884237296,-214.2832489839,-216.9067829151,-257.23191215639997
1657375200,-23.7254312604,-21.0412119996,-45.5994205191,-679.8027186975,-22.19169375,-24.9234743079,-27.3669670044,-448.3373013111,-390.1428887439,-179.0662957839,-220.55960181990002,-262.4507882076
1657378800,-24.0129767424,-21.0412119996,-46.268644503900006,-688.2279603996001,-22.19169375,-24.6359591271,-27.3669670044,-453.0233377596,-343.28596463639997,-152.3430375516,-223.92999933509998,-266.8748999511
1657382400,-24.3005126556,-21.0412119996,-47.606936183100004,-696.6435054519001,-21.9040876656,-24.3005126556,-27.3669670044,-455.9336292924,-303.52561766040003,-133.5811817991,-226.9247514759,-270.9708842919
1657386000,-24.3005126556,-21.0412119996,-48.2282150556,-700.6936062351,-21.9040876656,-24.3005126556,-27.3669670044,-457.7520086364,-270.9708842919,-119.6600123775,-229.2168727164,-274.3206131991
1657389600,-23.7254312604,-21.3288467904,-48.2282150556,-698.09651775,-21.9040876656,-24.0129767424,-27.3669670044,-457.7520086364,-245.3372122719,-109.51246844309999,-231.0875189724,-276.1344743664
1657393200,-23.3899494375,-21.3288467904,-48.5627312271,-694.4414201319,-21.6164720124,-23.3899494375,-27.3669670044,-455.9336292924,-222.8066865975,-101.1577025775,-231.46159719,-276.5064984816
1657396800,-22.766877212399997,-21.0412119996,-48.5627312271,-690.0352559919,-21.6164720124,-23.1023832231,-27.3669670044,-453.3871837404,-206.7359458044,-94.5059865975,-231.0875189724,-275.4368832999
1657400400,-22.4792902656,-20.75356764,-48.89723437439999,-685.6705352304,-21.6164720124,-23.1023832231,-27.3669670044,-450.11195751,-193.2649697775,-88.89549426389999,-230.7134237436,-273.9484891431
1657404000,-22.766877212399997,-20.75356764,-49.566201596400006,-683.4651407004,-21.6164720124,-23.3899494375,-27.3669670044,-446.88087119910006,-181.1364854439,-84.3282956271,-229.59103599,-272.0876136951
1657407600,-22.4792902656,-20.465913711600003,-49.90066567109999,-681.6562213359,-21.6164720124,-23.7254312604,-27.3669670044,-443.9671944375,-171.1101014976,-80.47281639,-228.4217192775,-269.8540017879
1657411200,-22.4792902656,-20.75356764,-50.5695547479,-680.5530024384,-21.6164720124,-23.7254312604,-27.3669670044,-440.6880067239,-162.0618999744,-77.3300253936,-226.9247514759,-267.6197774775
1657414800,-22.4792902656,-20.75356764,-51.1906193856,-679.8027186975,-21.6164720124,-24.0129767424,-27.3669670044,-438.18214335839997,-154.41985839,-74.1860765724,-225.80184700709998,-265.4315061084
1657418400,-22.4792902656,-20.465913711600003,-51.5250201999,-680.1558029679001,-21.6164720124,-24.0129767424,-27.3669670044,-435.26521745760004,-147.47937653190002,-71.7082105116,-224.6787894375,-263.5686850044
1657422000,-22.4792902656,-20.75356764,-52.1937827559,-680.90605056,-21.6164720124,-24.3005126556,-27.3669670044,-433.07680856160005,-140.8640538879,-69.2772975975,-222.8066865975,-261.33273831
1657425600,-22.4792902656,-20.465913711600003,-52.81472991,-682.3621942479,-21.3288467904,-24.9234743079,-27.7022943975,-431.2526666736,-135.6626456319,-67.5132613884,-221.6832207591,-259.46898159
1657429200,-22.4792902656,-20.75356764,-53.1490674639,-684.2150493975,-21.6164720124,-26.1692628519,-27.7022943975,-429.79304696160006,-130.78932039,-65.4150149436,-220.55960181990002,-258.3505234236
1657432800,-22.766877212399997,-20.75356764,-53.8177034991,-688.5806385276,-21.6164720124,-26.4567269991,-27.7022943975,-429.1087565271,-126.6234689244,-64.0317984375,-219.8572622364,-257.23191215639997
1657436400,-22.766877212399997,-21.0412119996,-54.4862874375,-693.3401282844001,-21.6164720124,-27.0795331584,-27.7022943975,-429.1087565271,-122.7871727391,-62.982312663900004,-218.87388634709998,-256.8590077116
1657440000,-23.1023832231,-21.0412119996,-55.107068732399995,-700.6936062351,-21.9040876656,-27.3669670044,-27.9897075111,-431.6175290736,-119.2808839599,-61.88498544,-218.87388634709998,-257.97767001240004
1657443600,-23.3899494375,-21.3288467904,-55.7755521984,-711.2045501184,-21.9040876656,-27.3669670044,-27.9897075111,-437.0884237296,-116.4842865264,-61.2169782876,-220.1850281511,-260.5872866556
1657447200,-23.3899494375,-21.3288467904,-56.7304382064,-724.5521808384,-21.9040876656,-27.0795331584,-28.325010716399998,-445.7883699975,-113.73418719,-60.835236524399996,-222.4322149959,-264.68642870040003
1657450800,-22.4792902656,-21.3288467904,-57.7329540879,-740.2830464991,-21.9040876656,-26.4567269991,-28.325010716399998,-455.9336292924,-112.31137116,-61.2169782876,-226.9247514759,-270.5986071351
1657454400,-22.4792902656,-21.3288467904,-58.7353527516,-756.3727237311,-21.9040876656,-26.1692628519,-28.6124030976,-465.3391481775,-111.26782070040001,-61.88498544,-231.8356583964,-276.8785055856
1657458000,-22.766877212399997,-21.3288467904,-59.7853589616,-768.4599590256,-21.9040876656,-26.1692628519,-28.6124030976,-473.28178944,-110.9357549391,-62.2666804224,-236.6969060604,-281.7130499184
1657461600,-23.1023832231,-21.3288467904,-60.835236524399996,-778.8726278775,-21.9040876656,-26.1692628519,-28.325010716399998,-479.53938892440004,-110.9357549391,-63.31625391,-241.2283632111,-286.1267077479
1657465200,-23.3899494375,-21.3288467904,-61.88498544,-785.7044865984,-21.9040876656,-26.1692628519,-28.6124030976,-484.3878117975,-111.26782070040001,-64.3656987504,-245.3372122719,-289.8416116359
1657468800,-23.3899494375,-21.3288467904,-62.982312663900004,-791.70414951,-21.9040876656,-26.1692628519,-28.325010716399998,-487.4221907904,-111.5998734375,-65.4150149436,-249.07074342389998,-292.8123099399
1657472400,-23.3899494375,-21.3288467904,-64.0317984375,-794.0939087775,-21.9040876656,-25.8338759196,-28.325010716399998,-488.5541160879,-112.31137116,-66.4642024896,-252.0563435391,-295.0396191975
1657476000,-23.1023832231,-21.0412119996,-65.0811555639,-794.0939087775,-21.9040876656,-25.2588965916,-28.325010716399998,-487.78442496,-113.0228090775,-67.1794838751,-254.2948291551,-296.10665452439997
1657479600,-23.1023832231,-21.0412119996,-66.13038404310001,-790.8784094511,-21.6164720124,-25.2588965916,-27.9897075111,-485.52018231,-114.0661431759,-67.8947054556,-255.4138423119,-296.10665452439997
1657483200,-23.1023832231,-20.75356764,-66.7980079119,-784.8780496119,-21.6164720124,-25.2588965916,-27.9897075111,-481.7600724279,-115.10934862709999,-68.2284550599,-255.4138423119,-294.2972508231
1657486800,-22.766877212399997,-20.75356764,-67.5132613884,-778.8726278775,-21.6164720124,-25.2588965916,-27.9897075111,-477.9981314496,-115.8205513116,-68.56219164,-254.6678505519,-292.4410321911
1657490400,-22.766877212399997,-21.0412119996,-68.56219164,-773.6464074375,-21.6164720124,-26.1692628519,-27.7022943975,-474.0075676416,-116.4842865264,-68.9435889264,-253.9217907471,-290.21300846310004
1657494000,-22.766877212399997,-20.75356764,-69.2772975975,-768.4599590256,-21.3288467904,-27.0795331584,-27.7022943975,-470.01494547839997,-117.52719375,-69.2772975975,-252.4294670031,-287.2413575319
1657497600,-22.766877212399997,-20.75356764,-69.99234375,-764.0114359836,-21.3288467904,-27.3669670044,-27.7022943975,-466.06567061910005,-118.2381930975,-69.2772975975,-251.3100455775,-285.05835804
1657501200,-22.766877212399997,-20.75356764,-70.6596662016,-761.21879391,-21.3288467904,-27.3669670044,-27.7022943975,-462.7957837791,-118.94913264,-69.61099324439999,-250.19047105110002,-282.4565708016
1657504800,-22.766877212399997,-20.75356764,-71.3745967311,-758.8179972975,-21.3288467904,-27.7022943975,-27.7022943975,-459.1609601151,-119.2808839599,-69.2772975975,-248.3241732831,-279.85395001439997
1657508400,-22.766877212399997,-20.75356764,-72.0894674556,-757.2024635483999,-21.3288467904,-27.7022943975,-27.3669670044,-456.2973391836,-119.6600123775,-69.61099324439999,-247.2041904879,-277.62246876
1657512000,-22.766877212399997,-20.75356764,-72.4230533271,-755.97965559,-21.3288467904,-27.7022943975,-27.3669670044,-453.0233377596,-119.9917357884,-69.61099324439999,-245.7106419375,-275.8089393111
1657515600,-22.766877212399997,-20.75356764,-73.1378363376,-757.2024635483999,-21.3288467904,-27.9897075111,-27.7022943975,-450.8399046396,-120.70252781190001,-69.61099324439999,-244.96376559509997,-273.2041899975
1657519200,-23.1023832231,-21.0412119996,-73.8525595431,-759.6038010639,-21.6164720124,-27.9897075111,-27.3669670044,-448.6558591164,-121.0342102896,-69.99234375,-243.8433234975,-271.3431444375
1657522800,-23.1023832231,-21.0412119996,-74.5195805775,-764.4476879616001,-21.6164720124,-27.9897075111,-27.7022943975,-448.3373013111,-121.7449145991,-69.99234375,-243.0962770431,-270.5986071351
1657526400,-23.3899494375,-21.0412119996,-75.23418816,-770.8575248391,-21.6164720124,-27.9897075111,-27.7022943975,-449.38394233559995,-122.40818466389999,-70.3260114879,-243.0962770431,-270.9708842919
1657530000,-23.7254312604,-21.3288467904,-76.2821711004,-780.4832738304,-21.9040876656,-27.3669670044,-27.7022943975,-453.0233377596,-123.4977295296,-71.04096992640001,-243.8433234975,-272.83201490790003
1657533600,-23.7254312604,-21.3288467904,-77.3300253936,-792.8774045319,-21.9040876656,-27.3669670044,-27.9897075111,-460.2515858319,-124.5397713084,-72.4230533271,-246.8775,-276.8785055856
1657537200,-22.766877212399997,-21.3288467904,-78.3777510396,-806.0740140711,-21.9040876656,-27.0795331584,-28.325010716399998,-470.37799618559995,-126.6234689244,-74.1860765724,-250.5636795711,-282.4565708016
1657540800,-22.766877212399997,-21.3288467904,-79.80626050560001,-818.0338717838999,-21.9040876656,-27.0795331584,-28.325010716399998,-480.2645802396,-129.4167103671,-76.2821711004,-255.78681267509998,-288.3558542151
1657544400,-23.1023832231,-21.3288467904,-81.5677593879,-828.8063700636,-21.9040876656,-27.0795331584,-27.9897075111,-486.6523866975,-132.5402569119,-78.7587102876,-260.5872866556,-293.55481440389997
1657548000,-22.766877212399997,-21.3288467904,-82.6149645975,-835.9788801024,-21.9040876656,-26.792089743600002,-27.9897075111,-490.41011394839995,-135.6626456319,-81.1869255975,-264.68642870040003,-297.59099151
1657551600,-23.3899494375,-21.3288467904,-83.99517490560001,-840.3392932599,-21.9040876656,-26.792089743600002,-27.9897075111,-492.67292127839994,-138.78387652709998,-83.6620411599,-269.1093283959,-300.5588489436
1657555200,-23.7254312604,-21.3288467904,-85.3751616759,-843.1440657564,-21.9040876656,-26.792089743600002,-27.7022943975,-494.52792743910004,-141.5730876444,-86.0888602224,-272.0876136951,-303.52561766040003
1657558800,-23.7254312604,-21.3288467904,-86.4694749936,-842.3243253351,-21.6164720124,-26.4567269991,-27.7022943975,-493.8040757559,-144.6921256896,-88.1820309504,-274.3206131991,-303.8963871996
1657562400,-23.3899494375,-21.3288467904,-87.8490609375,-839.5623884775,-21.6164720124,-27.0795331584,-27.7022943975,-491.5416006759,-147.47937653190002,-89.9417989431,-276.1344743664,-304.2671397276
1657566000,-23.3899494375,-21.0412119996,-88.56255216,-833.9920506876,-21.6164720124,-27.3669670044,-27.3669670044,-487.78442496,-149.5574019759,-91.36837072709999,-276.5064984816,-303.15483111
1657569600,-23.3899494375,-21.0412119996,-89.6088977724,-827.5958271804,-21.6164720124,-27.7022943975,-27.3669670044,-483.6630074871,-152.0125867911,-92.4143713311,-276.1344743664,-301.30064319
1657573200,-23.3899494375,-21.0412119996,-90.2746870896,-820.0684966655999,-21.6164720124,-27.7022943975,-27.3669670044,-479.1314389071,-153.3815122944,-93.46024328790001,-275.0648102775,-298.7040656316
1657576800,-23.1023832231,-21.0412119996,-90.9879749751,-813.6596061936,-21.3288467904,-27.7022943975,-27.3669670044,-474.3704312256,-155.1277478775,-94.12573118790002,-273.9484891431,-296.10665452439997
1657580400,-23.1023832231,-21.0412119996,-91.36837072709999,-807.6785035644,-21.3288467904,-27.7022943975,-27.0795331584,-469.65187776,-156.5433474375,-95.21891964,-272.83201490790003,-293.55481440389997
1657584000,-23.1023832231,-21.0412119996,-91.36837072709999,-802.0828953711,-21.3288467904,-27.9897075111,-27.0795331584,-464.9758614399,-157.2038786991,-95.21891964,-271.3431444375,-290.21300846310004
1657587600,-23.1023832231,-20.75356764,-91.70120305559999,-798.4802818236,-21.3288467904,-27.9897075111,-27.0795331584,-460.61509371510004,-157.91153295360002,-95.5516012599,-269.8540017879,-287.6128734375
1657591200,-23.1023832231,-20.75356764,-92.03402235989999,-795.7011126204,-21.3288467904,-27.9897075111,-27.0795331584,-456.66103206360003,-158.9493176796,-96.2644465884,-268.3645869591,-285.05835804
1657594800,-23.1023832231,-21.0412119996,-92.4143713311,-794.0939087775,-21.3288467904,-27.9897075111,-27.0795331584,-453.0233377596,-159.27949493190002,-96.59708727510001,-266.8748999511,-282.4565708016
1657598400,-23.1023832231,-20.75356764,-92.4143713311,-792.4863410544,-21.3288467904,-27.9897075111,-27.0795331584,-449.38394233559995,-159.9869737584,-96.59708727510001,-265.8040192956,-280.22580401759996
1657602000,-23.3899494375,-21.0412119996,-92.4143713311,-792.0952560471001,-21.3288467904,-28.325010716399998,-27.0795331584,-446.51672114309997,-160.3642713456,-96.9297149376,-264.3138644796,-277.62246876
1657605600,-23.3899494375,-21.0412119996,-92.4143713311,-793.7029122816,-21.3288467904,-27.3669670044,-27.0795331584,-444.33146357190003,-160.6943927799,-97.30984488959999,-263.19606975,-276.1344743664
1657609200,-23.3899494375,-21.0412119996,-92.74716272639999,-797.3079525831,-21.6164720124,-27.3669670044,-27.0795331584,-442.5099477879,-160.6943927799,-97.30984488959999,-262.0781219196,-274.6927202439
1657612800,-23.7254312604,-21.3288467904,-93.0799410975,-802.9073324784,-21.6164720124,-27.3669670044,-27.0795331584,-442.1455935975,-161.02450119,-97.9750313724,-261.33273831,-274.3206131991
1657616400,-23.7254312604,-21.3288467904,-93.46024328790001,-810.4963201959,-21.6164720124,-27.0795331584,-27.0795331584,-444.33146357190003,-161.40175199639998,-98.68767336389999,-261.7054386204,-275.8089393111
1657620000,-23.7254312604,-21.3288467904,-93.46024328790001,-819.6356469276,-21.6164720124,-27.0795331584,-27.0795331584,-449.0199092316,-162.43910400000001,-100.1127779319,-263.9412832476,-278.7382859376
1657623600,-22.4792902656,-21.3288467904,-94.8386961264,-830.7946666944,-21.6164720124,-26.792089743600002,-27.3669670044,-454.4786196156,-164.5134220656,-102.2024985759,-266.5024356711,-282.0848188656
1657627200,-22.766877212399997,-21.3288467904,-95.5516012599,-839.9508516336,-21.6164720124,-26.792089743600002,-27.3669670044,-460.9785845871,-166.9171013775,-104.6240308764,-271.3431444375,-286.4982746871
1657630800,-23.3899494375,-21.3288467904,-96.2644465884,-846.2927021871001,-21.6164720124,-26.792089743600002,-27.0795331584,-466.42890632309997,-170.0738254524,-107.75675230559999,-275.4368832999,-290.5843882791
1657634400,-23.7254312604,-21.6164720124,-97.30984488959999,-850.6897945239,-21.6164720124,-26.792089743600002,-27.0795331584,-468.56257253760003,-172.47590517990002,-110.55623526389999,-277.2504956784,-293.9260411191
1657638000,-23.7254312604,-21.3288467904,-97.9750313724,-852.6718921671,-21.6164720124,-26.792089743600002,-27.0795331584,-470.01494547839997,-175.25391920639998,-113.35479297239999,-279.85395001439997,-296.10665452439997
1657641600,-23.7254312604,-21.3288467904,-98.68767336389999,-852.6718921671,-21.6164720124,-26.792089743600002,-27.0795331584,-469.65187776,-177.6545077959,-115.8205513116,-281.7130499184,-297.9620332284
1657645200,-23.7254312604,-21.3288467904,-99.4002555504,-851.4654649311,-21.6164720124,-26.792089743600002,-27.0795331584,-468.1994367744,-180.1014549375,-117.90640084440001,-282.4565708016,-299.0750563164
1657648800,-23.3899494375,-21.3288467904,-99.7327734375,-847.5000225111,-21.6164720124,-27.0795331584,-27.0795331584,-465.70241790389997,-182.5006472796,-119.9917357884,-283.20002364,-299.0750563164
1657652400,-23.3899494375,-21.3288467904,-100.1127779319,-841.93599375,-21.6164720124,-27.3669670044,-26.792089743600002,-461.7055152975,-184.6170075711,-121.3658797431,-282.4565708016,-297.9620332284
1657656000,-23.3899494375,-21.0412119996,-100.1127779319,-834.7695726576,-21.6164720124,-27.7022943975,-26.792089743600002,-457.02470793239996,-186.30970826790002,-122.40818466389999,-280.22580401759996,-295.73552775
1657659600,-23.1023832231,-21.0412119996,-100.1127779319,-827.2066798551,-21.6164720124,-27.7022943975,-26.4567269991,-451.93169775,-187.72002903990003,-123.1187733504,-278.3663638896,-293.55481440389997
1657663200,-23.1023832231,-21.0412119996,-100.1127779319,-820.0684966655999,-21.3288467904,-27.9897075111,-26.4567269991,-447.2450042439,-189.08311172759997,-123.4977295296,-275.8089393111,-290.5843882791
1657666800,-23.1023832231,-21.0412119996,-100.1127779319,-814.0495022775,-21.3288467904,-27.9897075111,-26.4567269991,-442.1455935975,-190.1170253424,-123.8293022319,-273.5763480759,-287.9843723319
1657670400,-23.1023832231,-21.0412119996,-99.7327734375,-808.0687297719,-21.3288467904,-28.325010716399998,-26.4567269991,-437.4530139504,-191.15081031,-123.8293022319,-270.5986071351,-285.05835804
1657674000,-23.1023832231,-21.0412119996,-99.4002555504,-804.0787359375,-21.3288467904,-28.325010716399998,-26.4567269991,-433.07680856160005,-191.8555899375,-124.16086191,-267.99219072389997,-282.0848188656
1657677600,-23.1023832231,-21.0412119996,-99.02021916,-800.4771372144,-21.3288467904,-28.325010716399998,-26.4567269991,-429.1087565271,-192.56030976,-124.16086191,-265.4315061084,-279.1101909744
1657681200,-23.1023832231,-21.0412119996,-98.68767336389999,-797.6987505264,-21.3288467904,-28.325010716399998,-26.1692628519,-425.09304803910004,-192.56030976,-123.8293022319,-262.82343748439996,-276.1344743664
1657684800,-23.1023832231,-21.0412119996,-97.9750313724,-796.8737073950999,-21.6164720124,-28.6124030976,-26.1692628519,-421.8059373591,-193.2649697775,-123.8293022319,-260.2145353116,-273.5763480759
1657688400,-23.1023832231,-21.0412119996,-97.64244464309999,-796.482864,-21.6164720124,-28.6124030976,-26.1692628519,-418.5631316604,-193.2649697775,-123.4977295296,-257.60479959,-271.3431444375
1657692000,-23.1023832231,-20.75356764,-97.30984488959999,-798.4802818236,-21.6164720124,-28.6124030976,-26.1692628519,-416.0044805724,-193.9225985031,-123.4977295296,-255.4138423119,-268.73696618310004
1657695600,-23.3899494375,-21.0412119996,-97.30984488959999,-802.0828953711,-21.6164720124,-28.6124030976,-26.4567269991,-414.1763623164,-193.9225985031,-123.4977295296,-253.1756628975,-267.2473472199
1657699200,-23.7254312604,-21.3288467904,-97.30984488959999,-808.0687297719,-21.6164720124,-28.9476821151,-26.4567269991,-414.54201999,-194.2983629559,-123.4977295296,-250.93687107990002,-266.1765154716
1657702800,-23.7254312604,-21.3288467904,-97.30984488959999,-818.0338717838999,-21.9040876656,-28.9476821151,-26.4567269991,-417.83217354839996,-194.2983629559,-124.16086191,-250.19047105110002,-267.6197774775
1657706400,-24.0129767424,-21.6164720124,-97.64244464309999,-832.7824008924,-21.9040876656,-28.9476821151,-26.4567269991,-425.4581975031,-195.66036649560002,-125.9131752759,-251.68320306389998,-271.3431444375
1657710000,-22.4792902656,-21.3288467904,-98.35511454360001,-849.4830249375,-21.9040876656,-23.3899494375,-26.4567269991,-437.0884237296,-198.4306491975,-128.7066519516,-255.78681267509998,-277.2504956784
1657713600,-22.766877212399997,-21.3288467904,-99.4002555504,-863.3482938039,-21.9040876656,-23.3899494375,-26.4567269991,-448.6558591164,-201.81007965990003,-133.24999238040002,-262.0781219196,-283.9434084336
1657717200,-23.7254312604,-21.3288467904,-100.7777448639,-876.0267571644,-21.9040876656,-23.3899494375,-26.4567269991,-457.7520086364,-206.4076458975,-137.74359487590002,-268.3645869591,-290.5843882791
1657720800,-23.7254312604,-21.6164720124,-101.8225876431,-885.8956131264,-21.9040876656,-23.3899494375,-26.4567269991,-463.5225443775,-210.67452879959998,-142.61289564,-273.2041899975,-296.10665452439997
1657724400,-23.7254312604,-21.6164720124,-102.8673017751,-893.3951059839,-21.9040876656,-23.7254312604,-26.4567269991,-467.836284,-214.61123631,-146.81807870309999,-277.2504956784,-300.5588489436
1657728000,-23.7254312604,-21.3288467904,-103.9118872599,-897.7196799984,-21.9040876656,-24.3005126556,-26.4567269991,-470.01494547839997,-218.87388634709998,-150.9739424679,-280.22580401759996,-303.8963871996
1657731600,-23.7254312604,-21.3288467904,-105.33611468790001,-900.8864587163999,-21.9040876656,-24.9234743079,-26.1692628519,-470.7410298816,-223.5555787671,-154.41985839,-282.8283057264,-306.4449672831
1657735200,-23.7254312604,-21.6164720124,-106.04813869440001,-900.5013876999001,-21.6164720124,-25.54639104,-26.1692628519,-468.92569128959997,-228.0475028439,-157.2038786991,-283.20002364,-307.5568229775
1657738800,-23.3899494375,-21.3288467904,-106.3803960975,-894.9796705775999,-21.6164720124,-26.4567269991,-25.8338759196,-464.9758614399,-232.2097025916,-158.9493176796,-282.0848188656,-306.8156028591
1657742400,-23.1023832231,-21.0412119996,-106.7126404764,-887.8676970204,-21.6164720124,-27.0795331584,-25.8338759196,-459.8880609375,-235.57533484439998,-159.9869737584,-279.85395001439997,-304.6378752444
1657746000,-23.1023832231,-21.0412119996,-107.09233239,-880.7483990784,-21.6164720124,-27.3669670044,-25.8338759196,-454.1148246684,-238.6125693759,-160.3642713456,-276.8785055856,-302.0423693916
1657749600,-23.1023832231,-21.0412119996,-107.4245488599,-873.2351842959,-21.3288467904,-27.7022943975,-25.8338759196,-448.6558591164,-240.8547294111,-160.3642713456,-273.2041899975,-298.7040656316
1657753200,-23.1023832231,-21.0412119996,-107.09233239,-866.91779319,-21.3288467904,-27.9897075111,-25.8338759196,-443.23860513510004,-242.7227282991,-159.9869737584,-269.4816735975,-295.36438396439996
1657756800,-23.1023832231,-21.0412119996,-107.4245488599,-862.5739438911,-21.6164720124,-28.325010716399998,-25.54639104,-437.81758716,-244.2168212079,-159.27949493190002,-265.8040192956,-292.0697374311
1657760400,-23.1023832231,-21.0412119996,-107.4245488599,-859.0022163036,-21.6164720124,-28.325010716399998,-25.54639104,-433.80634623839995,-245.3372122719,-158.61912740309998,-262.0781219196,-288.3558542151
1657764000,-23.1023832231,-21.0412119996,-107.09233239,-856.2038017431,-21.6164720124,-28.6124030976,-25.54639104,-428.0137674375,-246.45745023509997,-157.91153295360002,-258.3505234236,-285.4299738864
1657767600,-23.1023832231,-21.0412119996,-106.7126404764,-855.8162404464,-21.3288467904,-28.6124030976,-25.54639104,-423.99749757989997,-247.2041904879,-157.2038786991,-255.0408549375,-282.0848188656
1657771200,-23.1023832231,-21.0412119996,-106.3803960975,-855.0410532636,-21.6164720124,-28.6124030976,-25.54639104,-420.34455698790003,-248.6974668591,-156.8736195804,-252.4294670031,-279.85395001439997
1657774800,-23.3899494375,-21.0412119996,-106.3803960975,-855.8162404464,-21.3288467904,-28.6124030976,-25.54639104,-417.1011473916,-248.3241732831,-155.83557756,-248.6974668591,-276.5064984816
1657778400,-23.3899494375,-21.0412119996,-106.04813869440001,-859.7769633216001,-21.6164720124,-28.9476821151,-25.54639104,-415.2732843036,-249.07074342389998,-155.5052644839,-245.7106419375,-274.3206131991
1657782000,-23.7254312604,-21.3288467904,-105.6684,-865.3267967679,-21.6164720124,-29.235053763899998,-25.8338759196,-415.2732843036,-249.8172455199,-155.5052644839,-243.4698087759,-273.2041899975
1657785600,-24.0129767424,-21.6164720124,-106.3803960975,-875.6402986719,-21.6164720124,-29.235053763899998,-25.8338759196,-418.5631316604,-250.5636795711,-156.5433474375,-242.3491625439,-273.9484891431
1657789200,-24.0129767424,-21.6164720124,-107.09233239,-888.6820892799001,-21.9040876656,-29.5224158439,-25.8338759196,-426.5535438279,-252.0563435391,-158.61912740309998,-243.0962770431,-276.8785055856
1657792800,-24.3005126556,-21.6164720124,-108.1363974384,-904.8215053116,-21.9040876656,-29.85765951,-26.1692628519,-439.2301476711,-254.6678505519,-161.7318324975,-246.8775,-282.8283057264
1657796400,-22.766877212399997,-21.6164720124,-109.51246844309999,-921.2217556283999,-21.9040876656,-27.0795331584,-26.1692628519,-453.3871837404,-259.0961792124,-166.9171013775,-253.1756628975,-290.21300846310004
1657800000,-22.766877212399997,-21.6164720124,-111.26782070040001,-937.5828121403999,-21.9040876656,-27.0795331584,-26.1692628519,-467.1553266975,-266.1765154716,-173.5118829975,-261.33273831,-298.33305793560004
1657803600,-23.3899494375,-21.6164720124,-112.6433829639,-950.9747287239,-21.9040876656,-27.3669670044,-26.1692628519,-476.91,-273.5763480759,-180.80717151,-269.1093283959,-305.3329584879
1657807200,-23.7254312604,-21.6164720124,-114.3980861376,-961.4148368678999,-21.9040876656,-27.3669670044,-26.1692628519,-483.6630074871,-281.34126396,-187.39097559,-275.4368832999,-311.2619028975
1657810800,-23.7254312604,-21.6164720124,-115.8205513116,-967.64576031,-21.9040876656,-27.3669670044,-26.1692628519,-488.5541160879,-287.9843723319,-193.2649697775,-280.5976410096,-316.02968826240004
1657814400,-23.7254312604,-21.6164720124,-117.52719375,-973.0666482203999,-21.9040876656,-27.3669670044,-26.1692628519,-491.9036413431,-294.6684435159,-198.4306491975,-284.68672518240004,-319.36083456
1657818000,-23.7254312604,-21.6164720124,-119.2808839599,-974.7597826044,-21.9040876656,-27.3669670044,-26.1692628519,-492.2656649991,-300.5588489436,-203.1239304975,-287.9843723319,-322.3206967296
1657821600,-23.7254312604,-21.6164720124,-121.0342102896,-972.6856343751,-21.9040876656,-27.3669670044,-25.8338759196,-490.77220777559995,-306.4449672831,-206.0793329664,-290.21300846310004,-324.1700577216
1657825200,-23.3899494375,-21.3288467904,-121.7449145991,-965.9932179471001,-21.6164720124,-27.3669670044,-25.8338759196,-486.6523866975,-310.8914714559,-208.04901519,-289.4701977975,-323.4303643584
1657828800,-23.3899494375,-21.0412119996,-122.40818466389999,-955.9845927975,-21.6164720124,-27.0795331584,-25.8338759196,-480.2645802396,-314.2247420271,-209.3618761884,-287.2413575319,-321.210876
1657832400,-23.1023832231,-21.0412119996,-122.7871727391,-945.9611636511,-21.6164720124,-27.7022943975,-25.8338759196,-474.0075676416,-316.7700620736,-209.3618761884,-283.9434084336,-318.2506055616
1657836000,-23.3899494375,-21.3288467904,-123.1187733504,-936.7316412924,-21.6164720124,-27.9897075111,-25.8338759196,-467.4731142144,-318.9907752384,-209.03368047509997,-280.5976410096,-314.2247420271
1657839600,-23.3899494375,-21.0412119996,-123.4977295296,-929.1941451975,-21.6164720124,-28.6124030976,-25.8338759196,-461.3420584479,-320.4709104576,-208.7054717376,-276.5064984816,-310.5210230031
1657843200,-23.3899494375,-21.3288467904,-123.8293022319,-922.0748615004,-21.6164720124,-28.9476821151,-25.8338759196,-454.8423975516,-321.9507734976,-208.3772499759,-272.83201490790003,-306.8156028591
1657846800,-23.3899494375,-21.3288467904,-123.8293022319,-916.2289560231,-21.6164720124,-29.235053763899998,-25.8338759196,-449.38394233559995,-322.3206967296,-208.04901519,-268.73696618310004,-302.7840275484
1657850400,-23.3899494375,-21.3288467904,-123.8293022319,-912.6848493084,-21.6164720124,-29.5224158439,-25.8338759196,-443.9671944375,-324.1700577216,-208.04901519,-265.4315061084,-299.44602999
1657854000,-23.3899494375,-21.0412119996,-123.4977295296,-909.1389114975,-21.6164720124,-29.85765951,-25.8338759196,-439.2301476711,-323.8002195456,-207.3925065456,-261.7054386204,-295.73552775
1657857600,-23.3899494375,-21.3288467904,-123.1187733504,-907.1729043230999,-21.6164720124,-29.85765951,-25.8338759196,-434.9005251696,-324.1700577216,-206.7359458044,-257.97767001240004,-292.4410321911
1657861200,-23.3899494375,-21.3288467904,-122.7871727391,-906.78818496,-21.6164720124,-30.145000857600003,-25.8338759196,-430.88778726239997,-324.86345845110003,-206.7359458044,-255.0408549375,-289.8416116359
1657864800,-23.7254312604,-21.3288467904,-122.7871727391,-907.9850189424001,-21.6164720124,-30.145000857600003,-25.8338759196,-428.3787808119,-325.6030199775,-206.7359458044,-252.0563435391,-287.2413575319
1657868400,-23.7254312604,-21.6164720124,-122.7871727391,-913.0692385478999,-21.9040876656,-30.4802203359,-26.1692628519,-427.28368965510003,-325.9727752239,-207.0642326871,-249.8172455199,-285.7551237975
1657872000,-24.0129767424,-21.6164720124,-123.4977295296,-920.7951628224,-22.19169375,-30.767540951100003,-26.1692628519,-430.1579774064,-327.0819388959,-208.3772499759,-249.4440029775,-286.86982461509996
1657875600,-24.3005126556,-21.6164720124,-124.5397713084,-934.6458233799001,-22.19169375,-31.0548519975,-26.4567269991,-437.81758716,-328.5605856351,-210.67452879959998,-250.93687107990002,-289.8416116359
1657879200,-24.6359591271,-21.6164720124,-125.9131752759,-952.6309407216,-22.19169375,-31.3900361244,-26.4567269991,-450.4759395804,-330.7780454079,-214.61123631,-255.4138423119,-295.36438396439996
1657882800,-23.1023832231,-21.6164720124,-127.9965337311,-971.8388598591,-22.19169375,-28.325010716399998,-26.792089743600002,-466.06567061910005,-335.53427751,-221.3086981239,-263.19606975,-303.52561766040003
1657886400,-23.1023832231,-21.6164720124,-129.74805049440002,-987.2335148439,-22.19169375,-28.325010716399998,-26.792089743600002,-479.90199308760003,-342.91700679,-231.0875189724,-272.83201490790003,-312.0027147471
1657890000,-23.3899494375,-21.6164720124,-131.4992033775,-999.6841158384,-22.19169375,-28.325010716399998,-26.792089743600002,-489.64060808309995,-350.6154729399,-240.48107859990003,-281.34126396,-319.7308768704
1657893600,-24.0129767424,-21.6164720124,-133.5811817991,-1009.6700454975,-22.19169375,-28.325010716399998,-26.792089743600002,-495.2969452956,-357.20168124,-247.9508626959,-287.9843723319,-325.6030199775
1657897200,-24.0129767424,-21.6164720124,-135.6626456319,-1015.0150117824,-22.19169375,-28.325010716399998,-26.4567269991,-499.7738171775,-363.4144425975,-253.5487353279,-292.8123099399,-329.6693920719
1657900800,-24.0129767424,-21.6164720124,-137.74359487590002,-1019.5990050711,-22.4792902656,-28.9476821151,-27.0795331584,-506.5519925775,-368.5650569559,-257.97767001240004,-297.9620332284,-333.7337058111
1657904400,-24.0129767424,-21.6164720124,-139.4930857116,-1018.7581419471001,-22.4792902656,-29.5224158439,-27.7022943975,-511.0223122236,-373.66639401239996,-260.9600209884,-301.6715147964,-336.64212068759997
1657908000,-23.7254312604,-21.3288467904,-141.24221266709998,-1013.7948853719,-21.9040876656,-29.235053763899998,-27.3669670044,-506.1454707036,-377.7083699196,-262.4507882076,-304.2671397276,-337.74981076439997
1657911600,-23.7254312604,-21.3288467904,-142.2820615959,-1005.9218055936,-21.9040876656,-28.9476821151,-27.0795331584,-498.64353984,-381.01391010839995,-261.7054386204,-303.8963871996,-337.38059775
1657915200,-23.3899494375,-21.3288467904,-142.9909757424,-994.70665119,-21.9040876656,-28.325010716399998,-26.792089743600002,-490.04800311,-383.1709499775,-260.2145353116,-301.30064319,-334.79563033560004
1657918800,-23.3899494375,-21.0412119996,-143.3217818775,-983.0922644775,-21.9040876656,-27.7022943975,-26.1692628519,-481.03502145510004,-385.0062660975,-257.97767001240004,-297.9620332284,-331.5170625759
1657922400,-23.3899494375,-21.0412119996,-143.6525749884,-971.4154327311,-21.9040876656,-27.7022943975,-26.1692628519,-473.6446870464,-386.1072516351,-255.78681267509998,-293.55481440389997,-327.0819388959
1657926000,-23.3899494375,-21.0412119996,-143.6525749884,-960.9907558719,-21.9040876656,-27.7022943975,-26.1692628519,-466.42890632309997,-387.20808407190003,-253.5487353279,-289.0987669479,-322.69060295040003
1657929600,-23.3899494375,-21.0412119996,-143.3217818775,-950.5499938599,-21.9040876656,-27.3669670044,-26.1692628519,-459.5245190319,-387.20808407190003,-250.93687107990002,-285.05835804,-318.2506055616
1657933200,-23.3899494375,-21.0412119996,-142.9909757424,-943.02778791,-21.9040876656,-27.3669670044,-26.1692628519,-453.0233377596,-387.20808407190003,-249.07074342389998,-280.22580401759996,-313.8544466751
1657936800,-23.3899494375,-21.0412119996,-142.2820615959,-936.7316412924,-22.19169375,-27.3669670044,-26.1692628519,-447.2450042439,-387.57499419510003,-247.2041904879,-275.8089393111,-309.4095755775
1657940400,-23.3899494375,-21.0412119996,-141.5730876444,-930.8556646896001,-22.19169375,-27.9897075111,-26.1692628519,-441.4168341831,-386.8411569375,-244.59030190709998,-271.7153875719,-305.00859375
1657944000,-23.3899494375,-21.0412119996,-140.8640538879,-926.2535434176,-22.19169375,-29.5224158439,-26.1692628519,-436.3591922544,-386.8411569375,-242.7227282991,-267.6197774775,-300.5588489436
1657947600,-23.3899494375,-21.0412119996,-140.2022350911,-924.5909043759,-22.4792902656,-29.85765951,-26.1692628519,-431.6175290736,-387.57499419510003,-241.9755797775,-264.68642870040003,-297.21993278040003
1657951200,-23.7254312604,-21.0412119996,-139.8240295311,-925.0172606199001,-22.766877212399997,-30.145000857600003,-26.1692628519,-428.0137674375,-387.9418873071,-240.8547294111,-260.9600209884,-293.55481440389997
1657954800,-24.0129767424,-21.3288467904,-139.8240295311,-929.1941451975,-22.766877212399997,-30.767540951100003,-26.4567269991,-425.82332995589996,-388.3087634079,-240.1074107775,-257.97767001240004,-291.3270968775
1657958400,-24.0129767424,-21.3288467904,-139.4930857116,-935.4972547119,-23.1023832231,-31.0548519975,-26.4567269991,-425.4581975031,-389.04246457589994,-240.1074107775,-255.78681267509998,-289.8416116359
1657962000,-24.3005126556,-21.6164720124,-140.5331510016,-945.9611636511,-23.3899494375,-31.3900361244,-26.792089743600002,-429.79304696160006,-390.1428887439,-242.7227282991,-256.1597660271,-291.3270968775
1657965600,-24.6359591271,-21.6164720124,-141.5730876444,-961.8388912839,-23.3899494375,-31.6773264384,-26.792089743600002,-439.95911121989997,-391.2431598111,-247.2041904879,-258.7233598236,-295.36438396439996
1657969200,-23.1023832231,-21.3288467904,-143.3217818775,-980.9783981775,-22.19169375,-28.9476821151,-26.792089743600002,-454.1148246684,-393.03077376,-254.2948291551,-264.68642870040003,-302.0423693916
1657972800,-21.6164720124,-22.19169375,-146.1094875036,-1002.5929523919,-22.19169375,-28.9476821151,-27.0795331584,-470.01494547839997,-398.16218672639997,-263.19606975,-273.5763480759,-310.8914714559
1657976400,-21.6164720124,-21.9040876656,-148.1878521084,-1017.9171725031,-22.19169375,-28.9476821151,-27.0795331584,-482.5303645296,-403.9768085871,-271.7153875719,-283.57172454240003,-319.36083456
1657980000,-22.19169375,-21.6164720124,-149.9351694975,-1027.0360096284,-22.19169375,-28.9476821151,-27.0795331584,-489.64060808309995,-409.83287701589995,-279.1101909744,-291.6984256599,-326.7122346831
1657983600,-22.4792902656,-21.3288467904,-151.3044341616,-1031.5697522556,-22.19169375,-28.9476821151,-26.792089743600002,-493.8040757559,-415.2732843036,-283.57172454240003,-298.33305793560004,-332.6254607439
1657987200,-22.4792902656,-21.0412119996,-153.05110246709998,-1033.6257056775,-22.19169375,-28.6124030976,-26.792089743600002,-494.93506410839996,-418.9285851996,-285.4299738864,-302.4132069756,-335.1649624284
1657990800,-22.4792902656,-21.0412119996,-154.41985839,-1031.5697522556,-22.19169375,-28.6124030976,-26.792089743600002,-493.39687928160004,-422.5365254775,-285.05835804,-304.6378752444,-337.38059775
1657994400,-22.4792902656,-20.75356764,-155.5052644839,-1025.3980628750999,-22.19169375,-28.6124030976,-26.792089743600002,-489.27846109589996,-425.4581975031,-282.8283057264,-304.6378752444,-337.38059775
1657998000,-22.4792902656,-20.75356764,-156.16587761190002,-1015.8563480303999,-21.9040876656,-28.325010716399998,-26.4567269991,-483.25527516,-427.28368965510003,-279.85395001439997,-302.0423693916,-335.53427751
1658001600,-22.19169375,-20.75356764,-156.16587761190002,-1004.2786550078999,-21.9040876656,-27.9897075111,-26.4567269991,-475.8217154496,-427.6487370519,-275.8089393111,-297.59099151,-331.8865456431
1658005200,-22.19169375,-20.75356764,-156.16587761190002,-990.9922344444,-21.9040876656,-28.6124030976,-26.4567269991,-468.1994367744,-427.6487370519,-271.7153875719,-292.8123099399,-327.4516260975
1658008800,-22.19169375,-20.75356764,-155.83557756,-980.5978316736,-21.9040876656,-29.5224158439,-26.4567269991,-460.9785845871,-427.6487370519,-267.99219072389997,-287.2413575319,-322.3206967296
1658012400,-22.19169375,-20.465913711600003,-155.1277478775,-969.76381296,-21.9040876656,-29.85765951,-26.1692628519,-453.75101271,-427.28368965510003,-264.68642870040003,-281.7130499184,-317.51036784
1658016000,-22.19169375,-20.465913711600003,-154.7974068924,-961.4148368678999,-21.9040876656,-30.145000857600003,-26.4567269991,-446.88087119910006,-427.28368965510003,-261.7054386204,-276.5064984816,-312.0027147471
1658019600,-21.9040876656,-20.465913711600003,-153.7591075776,-952.6309407216,-21.9040876656,-30.4802203359,-26.1692628519,-440.3235674775,-426.5535438279,-258.3505234236,-271.3431444375,-306.8156028591
1658023200,-21.9040876656,-20.465913711600003,-152.7206796156,-945.9611636511,-21.9040876656,-30.767540951100003,-26.1692628519,-433.80634623839995,-426.1884453975,-255.4138423119,-266.5024356711,-301.6715147964
1658026800,-21.9040876656,-20.465913711600003,-152.0125867911,-942.17729751,-21.9040876656,-31.0548519975,-26.1692628519,-428.74377717510004,-425.82332995589996,-253.1756628975,-261.7054386204,-296.8488570396
1658030400,-21.9040876656,-20.465913711600003,-150.9739424679,-939.2422894911,-21.9040876656,-31.0548519975,-26.4567269991,-423.6322800711,-425.82332995589996,-250.93687107990002,-257.97767001240004,-292.4410321911
1658034000,-22.19169375,-20.465913711600003,-149.9351694975,-937.5828121403999,-21.9040876656,-31.0548519975,-26.1692628519,-418.5631316604,-425.82332995589996,-249.07074342389998,-253.9217907471,-288.3558542151
1658037600,-22.19169375,-20.75356764,-149.22684144,-939.2422894911,-21.9040876656,-31.3900361244,-26.4567269991,-415.6388909436,-425.4581975031,-246.8775,-250.19047105110002,-284.68672518240004
1658041200,-22.4792902656,-20.75356764,-148.8962678799,-943.02778791,-22.19169375,-31.3900361244,-26.4567269991,-413.07928722839995,-425.82332995589996,-246.08405459189999,-246.8775,-281.7130499184
1658044800,-22.4792902656,-21.0412119996,-148.5184535775,-948.8932739183999,-22.19169375,-31.6773264384,-26.4567269991,-413.4449959356,-426.5535438279,-246.08405459189999,-244.59030190709998,-280.9694609904
1658048400,-22.4792902656,-21.0412119996,-148.8962678799,-958.9123747775999,-22.4792902656,-32.0124863775,-26.792089743600002,-417.4666689756,-427.28368965510003,-247.2041904879,-243.8433234975,-281.7130499184
1658052000,-22.766877212399997,-21.0412119996,-149.5574019759,-971.8388598591,-22.4792902656,-32.0124863775,-26.792089743600002,-425.09304803910004,-428.74377717510004,-250.5636795711,-245.3372122719,-284.68672518240004
1658055600,-22.19169375,-21.0412119996,-151.3044341616,-988.0783543358999,-22.19169375,-29.235053763899998,-26.792089743600002,-436.7238164976,-430.88778726239997,-257.97767001240004,-249.4440029775,-290.21300846310004
1658059200,-23.1023832231,-21.0412119996,-153.3815122944,-1006.3430611356,-22.19169375,-29.235053763899998,-26.792089743600002,-450.11195751,-434.9005251696,-267.99219072389997,-256.1597660271,-297.59099151
1658062800,-23.1023832231,-21.0412119996,-155.5052644839,-1022.49916671,-22.19169375,-29.235053763899998,-26.792089743600002,-462.43237796309995,-439.2301476711,-276.1344743664,-264.3138644796,-305.7036450975
1658066400,-23.1023832231,-21.0412119996,-157.91153295360002,-1034.8841376975,-22.4792902656,-29.235053763899998,-26.792089743600002,-472.91887482239997,-442.8742849671,-282.4565708016,-272.0876136951,-313.1138049375
1658070000,-23.1023832231,-21.0412119996,-160.3642713456,-1044.3566365191,-22.4792902656,-29.235053763899998,-26.792089743600002,-481.03502145510004,-446.51672114309997,-287.6128734375,-279.85395001439997,-320.4709104576
1658073600,-23.1023832231,-21.0412119996,-162.76914356790002,-1051.7658835824,-22.4792902656,-29.5224158439,-26.792089743600002,-487.01465701589996,-450.8399046396,-292.4410321911,-287.2413575319,-325.9727752239
1658077200,-23.1023832231,-20.75356764,-164.8433797671,-1054.6519782879,-22.19169375,-30.145000857600003,-26.792089743600002,-489.27846109589996,-454.4786196156,-296.4777642876,-293.1835706775,-330.7780454079
1658080800,-23.1023832231,-20.75356764,-166.2573366831,-1055.4882909159,-22.19169375,-30.4802203359,-26.792089743600002,-488.14664211839994,-457.02470793239996,-298.7040656316,-296.10665452439997,-332.9948927775
1658084400,-23.1023832231,-20.75356764,-166.9171013775,-1049.2970598111,-22.19169375,-30.767540951100003,-26.792089743600002,-483.25527516,-459.1609601151,-299.81698665240003,-296.8488570396,-332.2560116991
1658088000,-22.766877212399997,-20.75356764,-167.29408638389998,-1041.0889012119,-22.19169375,-31.0548519975,-26.792089743600002,-476.91,-459.8880609375,-299.44602999,-295.0396191975,-329.6693920719
1658091600,-22.766877212399997,-20.75356764,-167.29408638389998,-1030.7723741199,-21.9040876656,-31.3900361244,-26.792089743600002,-470.37799618559995,-460.2515858319,-297.9620332284,-291.6984256599,-325.9727752239
1658095200,-22.766877212399997,-20.465913711600003,-166.9171013775,-1020.81806775,-21.9040876656,-31.6773264384,-26.792089743600002,-465.3391481775,-460.2515858319,-296.4777642876,-288.3558542151,-321.210876
1658098800,-22.766877212399997,-20.465913711600003,-166.5872255424,-1011.7327845276,-21.9040876656,-31.6773264384,-26.792089743600002,-457.38836679,-460.2515858319,-295.36438396439996,-284.68672518240004,-316.3998836736
1658102400,-22.766877212399997,-20.465913711600003,-165.8803048959,-1003.8572692239,-22.19169375,-32.0124863775,-27.0795331584,-451.20385268760003,-459.8880609375,-294.2972508231,-280.5976410096,-312.0027147471
1658106000,-22.766877212399997,-20.465913711600003,-165.2204583351,-997.6176518871001,-22.19169375,-32.2997559591,-27.0795331584,-445.4241689079,-459.5245190319,-293.1835706775,-277.2504956784,-307.5568229775
1658109600,-22.766877212399997,-20.465913711600003,-164.5134220656,-993.0607431950999,-22.19169375,-32.5870159719,-27.0795331584,-439.95911121989997,-459.1609601151,-292.4410321911,-273.2041899975,-302.4132069756
1658113200,-22.766877212399997,-20.465913711600003,-163.4763273564,-988.5007342119001,-22.19169375,-32.5870159719,-27.0795331584,-435.26521745760004,-458.79738418709996,-290.5843882791,-268.73696618310004,-297.59099151
1658116800,-22.766877212399997,-20.465913711600003,-162.43910400000001,-986.8110552278999,-22.19169375,-32.9221405596,-27.0795331584,-430.88778726239997,-458.0701812975,-289.4701977975,-265.05897591,-293.1835706775
1658120400,-23.1023832231,-20.75356764,-162.0618999744,-985.5857720316001,-22.19169375,-33.5444802399,-27.0795331584,-426.9186252471,-458.0701812975,-289.0987669479,-262.0781219196,-289.0987669479
1658124000,-23.1023832231,-20.75356764,-161.40175199639998,-987.2335148439,-22.19169375,-33.8316987879,-27.3669670044,-423.99749757989997,-458.4337912479,-288.3558542151,-259.46898159,-285.7551237975
1658127600,-23.3899494375,-21.0412119996,-160.6943927799,-992.2165309911001,-22.19169375,-34.4539728156,-27.3669670044,-422.90179401989997,-459.1609601151,-288.3558542151,-256.5327023679,-283.57172454240003
1658131200,-23.7254312604,-21.0412119996,-161.02450119,-999.6841158384,-22.19169375,-34.789024839899994,-27.7022943975,-424.3626980775,-459.1609601151,-289.0987669479,-255.4138423119,-283.20002364
1658134800,-24.0129767424,-21.3288467904,-162.0618999744,-1012.5324504039,-22.19169375,-34.789024839899994,-27.7022943975,-427.28368965510003,-460.61509371510004,-292.0697374311,-256.5327023679,-285.4299738864
1658138400,-24.6359591271,-21.3288467904,-164.1363116016,-1029.5131606479,-22.4792902656,-36.4162351239,-27.9897075111,-445.0599508071,-462.06895513589996,-297.21993278040003,-261.33273831,-292.0697374311
1658142000,-22.766877212399997,-21.6164720124,-166.5872255424,-1050.1340528871,-22.4792902656,-29.5224158439,-28.325010716399998,-461.3420584479,-465.3391481775,-304.2671397276,-269.4816735975,-300.5588489436
1658145600,-23.1023832231,-21.6164720124,-169.36719984389998,-1068.2288847804,-22.4792902656,-29.5224158439,-28.325010716399998,-475.09610736,-471.1040465664,-313.8544466751,-279.85395001439997,-310.5210230031
1658149200,-23.3899494375,-21.3288467904,-171.4397987151,-1080.5282309559,-22.4792902656,-29.5224158439,-28.325010716399998,-486.2900993679,-475.8217154496,-320.4709104576,-289.0987669479,-319.7308768704
1658152800,-23.7254312604,-21.3288467904,-173.8885703079,-1090.8085357296002,-22.4792902656,-29.85765951,-28.325010716399998,-494.16601010309995,-481.7600724279,-326.3425134591,-297.21993278040003,-328.1909494671
1658156400,-23.7254312604,-21.3288467904,-176.2895520156,-1099.36999119,-22.4792902656,-29.85765951,-28.325010716399998,-500.5423108764,-485.9277950271,-331.5170625759,-303.52561766040003,-334.79563033560004
1658160000,-24.0129767424,-21.0412119996,-178.7368999836,-1105.0990261104,-22.4792902656,-29.85765951,-28.325010716399998,-505.7840998524,-489.64060808309995,-335.53427751,-309.0390590799,-340.70290247639997
1658163600,-23.7254312604,-21.3288467904,-180.80717151,-1107.9616453599,-22.4792902656,-29.5224158439,-28.325010716399998,-508.4036531136,-493.03490878559995,-338.85734774040003,-314.5950203679,-344.34662368709996
1658167200,-23.7254312604,-21.0412119996,-182.1713873031,-1107.1320308919,-22.4792902656,-29.235053763899998,-28.325010716399998,-506.5519925775,-496.0206566364,-340.3338255516,-317.8804952064,-346.5597200871
1658170800,-23.7254312604,-20.75356764,-183.20616051509998,-1101.4047933111,-22.19169375,-28.9476821151,-27.9897075111,-502.0338734775,-499.0504588191,-341.8100311836,-319.36083456,-346.5597200871
1658174400,-23.3899494375,-20.75356764,-183.5824097871,-1091.5986567278999,-22.19169375,-28.6124030976,-27.9897075111,-496.0206566364,-499.0504588191,-340.70290247639997,-318.2506055616,-343.9777147479
1658178000,-23.3899494375,-20.75356764,-183.5824097871,-1083.0269621199,-22.19169375,-28.9476821151,-27.9897075111,-489.27846109589996,-499.0504588191,-339.22649271,-315.28924640639997,-340.3338255516
1658181600,-23.3899494375,-20.75356764,-183.20616051509998,-1072.73438031,-22.19169375,-28.9476821151,-27.9897075111,-482.5303645296,-500.1806763516,-338.85734774040003,-312.7434585519,-336.64212068759997
1658185200,-23.3899494375,-20.75356764,-182.8769284476,-1064.9312349039,-22.19169375,-30.767540951100003,-27.9897075111,-476.1844939776,-498.64353984,-337.38059775,-308.6685255711,-331.1475624975
1658188800,-23.3899494375,-20.75356764,-182.1713873031,-1058.3727533436,-21.9040876656,-31.0548519975,-27.9897075111,-470.01494547839997,-498.64353984,-335.9035755804,-305.00859375,-327.0819388959
1658192400,-23.3899494375,-20.75356764,-181.8421143024,-1053.4391361264,-21.9040876656,-31.3900361244,-28.325010716399998,-464.6125576911,-498.2818160064,-335.1649624284,-301.30064319,-322.69060295040003
1658196000,-23.7254312604,-20.75356764,-181.1364854439,-1049.7155696391,-21.9040876656,-31.6773264384,-28.325010716399998,-459.1609601151,-497.92007516160004,-334.0569151164,-297.59099151,-318.6206989056
1658199600,-23.7254312604,-21.0412119996,-180.1014549375,-1047.24597744,-21.9040876656,-31.6773264384,-28.325010716399998,-454.8423975516,-497.5583173056,-332.9948927775,-294.2972508231,-314.5950203679
1658203200,-23.7254312604,-20.75356764,-179.0662957839,-1045.6130271951,-21.9040876656,-32.0124863775,-28.325010716399998,-450.4759395804,-496.78952537910004,-332.6254607439,-291.3270968775,-310.5210230031
1658206800,-23.7254312604,-20.75356764,-178.36043169240003,-1046.4504880791,-21.9040876656,-32.0124863775,-28.325010716399998,-446.88087119910006,-496.78952537910004,-331.8865456431,-287.9843723319,-306.8156028591
1658210400,-24.0129767424,-21.0412119996,-177.6545077959,-1049.2970598111,-22.19169375,-32.2997559591,-28.325010716399998,-443.9671944375,-496.78952537910004,-331.1475624975,-285.4299738864,-303.8963871996
1658214000,-24.3005126556,-21.3288467904,-177.6545077959,-1055.0701478919,-22.19169375,-32.5870159719,-28.6124030976,-443.23860513510004,-497.1513193839,-331.8865456431,-283.20002364,-302.4132069756
1658217600,-24.9234743079,-21.3288467904,-178.0310079831,-1064.1378817776,-22.4792902656,-32.9221405596,-28.6124030976,-446.15255407589996,-498.2818160064,-333.3643077999,-282.8283057264,-302.7840275484
1658221200,-25.2588965916,-21.3288467904,-179.7721000704,-1077.6951788751,-22.766877212399997,-33.20937984,-28.9476821151,-454.8423975516,-499.7738171775,-335.9035755804,-285.7551237975,-306.4449672831
1658224800,-26.1692628519,-21.6164720124,-181.8421143024,-1095.7140504444,-22.4792902656,-34.166775,-29.235053763899998,-469.28879303040003,-502.0338734775,-341.4410052924,-292.0697374311,-313.4841343119
1658228400,-23.3899494375,-21.9040876656,-185.2753209975,-1115.7133962096,-22.4792902656,-29.235053763899998,-29.235053763899998,-486.2900993679,-505.7840998524,-348.40349927910006,-301.6715147964,-323.4303643584
1658232000,-23.3899494375,-21.6164720124,-188.0490694656,-1131.6022898544,-22.766877212399997,-29.5224158439,-29.5224158439,-501.26552889239997,-512.1507688311,-358.67477382239997,-312.7434585519,-333.7337058111
1658235600,-24.0129767424,-21.3288467904,-190.1170253424,-1143.7819808439,-22.766877212399997,-29.5224158439,-29.5224158439,-510.6611710236,-518.1513652223999,-365.62225701989996,-320.1009021696,-342.5480319324
1658239200,-24.0129767424,-21.6164720124,-192.56030976,-1153.5090791391,-22.766877212399997,-29.85765951,-29.5224158439,-517.7454581439,-523.7416709616,-371.8744055271,-327.4516260975,-349.5095626599
1658242800,-24.0129767424,-21.6164720124,-195.33162748709998,-1161.2060555196,-22.766877212399997,-29.5224158439,-29.85765951,-523.7416709616,-528.9676118783999,-376.6062169884,-333.7337058111,-354.99153203040004
1658246400,-24.0129767424,-21.3288467904,-197.72642775,-1167.2911909596,-22.766877212399997,-29.235053763899998,-29.85765951,-527.4812858030999,-533.0647689879,-380.64669591,-339.5956206684,-360.5157567984
1658250000,-24.0129767424,-21.0412119996,-199.46339913990002,-1169.3045812958999,-22.766877212399997,-29.235053763899998,-29.85765951,-527.8416338559,-536.7998171196,-383.5380472239,-344.7155156151,-364.51842635910003
1658253600,-24.0129767424,-21.0412119996,-201.48158439,-1168.1130600156,-22.4792902656,-28.9476821151,-29.85765951,-525.5891794359,-539.8135203279,-385.0062660975,-348.0347774631,-365.9901665511
1658257200,-24.0129767424,-21.0412119996,-202.1385619056,-1160.7946877376,-22.4792902656,-28.9476821151,-29.85765951,-519.2336788416001,-541.2974430396,-385.0062660975,-349.5095626599,-365.62225701989996
1658260800,-23.7254312604,-21.0412119996,-202.1385619056,-1151.07869244,-22.4792902656,-28.6124030976,-29.85765951,-511.7896807911,-542.4214342071,-384.27219068309995,-348.7722040839,-362.724375
1658264400,-23.7254312604,-20.75356764,-202.1385619056,-1141.3478931456,-22.4792902656,-28.6124030976,-29.85765951,-503.16365244,-542.4214342071,-382.80383571989995,-346.9285099479,-358.67477382239997
1658268000,-24.0129767424,-20.75356764,-201.81007965990003,-1131.1890136284,-22.19169375,-28.6124030976,-29.85765951,-494.16601010309995,-542.0168165244,-381.01391010839995,-343.9777147479,-353.8862277744
1658271600,-24.0129767424,-20.75356764,-201.1530760959,-1123.0420524471,-22.4792902656,-28.9476821151,-29.85765951,-486.2900993679,-541.2974430396,-379.1776690044,-341.07196239,-348.7722040839
1658275200,-24.0129767424,-20.75356764,-200.49602043509998,-1115.7133962096,-22.19169375,-31.3900361244,-30.145000857600003,-478.4061412719,-540.8927655519,-377.7083699196,-337.74981076439997,-343.28596463639997
1658278800,-24.3005126556,-20.75356764,-199.46339913990002,-1109.5790877696002,-22.19169375,-31.6773264384,-30.145000857600003,-471.46704624,-539.4087638976,-375.5039109564,-334.0569151164,-338.11900676759996
1658282400,-24.6359591271,-20.75356764,-199.13481084,-1105.9289010624,-22.19169375,-32.0124863775,-30.145000857600003,-467.1553266975,-540.1732857471,-375.13644159,-331.8865456431,-334.0569151164
1658286000,-24.9234743079,-20.75356764,-197.72642775,-1103.0653831431,-22.19169375,-32.2997559591,-30.4802203359,-459.8880609375,-539.4087638976,-373.66639401239996,-328.9302047919,-329.6693920719
1658289600,-25.2588965916,-20.75356764,-196.6934614464,-1102.2351413871002,-22.19169375,-32.2997559591,-30.4802203359,-454.8423975516,-538.6891437504,-372.2420258679,-325.9727752239,-325.2332477199
1658293200,-25.54639104,-20.75356764,-195.66036649560002,-1102.2351413871002,-22.19169375,-32.9221405596,-30.4802203359,-450.4759395804,-538.6891437504,-372.56367971160006,-324.1700577216,-322.3206967296
1658296800,-26.1692628519,-21.0412119996,-194.95590981509997,-1104.2690448383999,-22.19169375,-32.9221405596,-30.767540951100003,-447.9732192999,-537.9244727871,-370.7714424375,-321.210876,-318.9907752384
1658300400,-26.4567269991,-21.0412119996,-194.95590981509997,-1111.2375830976,-22.4792902656,-33.20937984,-31.0548519975,-447.9732192999,-538.2843275151,-371.1391138119,-319.7308768704,-317.51036784
1658304000,-27.0795331584,-21.3288467904,-195.66036649560002,-1121.4279790524001,-22.4792902656,-33.8316987879,-31.0548519975,-451.20385268760003,-539.4087638976,-372.2420258679,-320.4709104576,-317.8804952064
1658307600,-27.3669670044,-21.6164720124,-197.0691004416,-1135.2379745136,-22.4792902656,-34.4539728156,-31.6773264384,-460.9785845871,-540.8927655519,-375.8713633116,-324.4936521711,-322.3206967296
1658311200,-27.9897075111,-23.1023832231,-199.7919744156,-1152.72651324,-22.4792902656,-35.12406384,-32.0124863775,-476.91,-543.5003094375,-381.3811072956,-331.5170625759,-329.2998069375
1658314800,-23.3899494375,-21.9040876656,-203.1239304975,-1172.1386815344001,-22.4792902656,-31.0548519975,-32.2997559591,-494.93506410839996,-547.2302393244,-389.40928964309995,-340.70290247639997,-339.22649271
1658318400,-23.7254312604,-21.9040876656,-205.7510070111,-1189.4852895975,-22.766877212399997,-30.767540951100003,-32.5870159719,-511.7896807911,-553.5624287271,-398.52858864,-349.8782164311,-349.5095626599
1658322000,-23.7254312604,-21.9040876656,-207.72076737990002,-1200.3692013831,-22.766877212399997,-30.767540951100003,-32.5870159719,-522.6149221191,-559.88933376,-405.80729777910005,-357.56997990239995,-359.04300444
1658325600,-24.3005126556,-21.6164720124,-209.6900588775,-1208.4177208764,-22.766877212399997,-31.0548519975,-32.9221405596,-528.6073169855999,-566.61428271,-411.2504885244,-364.1504487831,-366.3580590711
1658329200,-24.3005126556,-21.6164720124,-211.6588815039,-1213.6416871356,-22.766877212399997,-31.0548519975,-32.9221405596,-532.7046675975,-569.9297212416001,-415.2732843036,-370.03604865510005,-371.50676817510004
1658332800,-24.3005126556,-21.6164720124,-213.2992088604,-1216.4559249375,-22.4792902656,-31.0548519975,-32.9221405596,-533.82992796,-574.0048190775,-418.5631316604,-375.5039109564,-375.5039109564
1658336400,-24.3005126556,-21.6164720124,-214.9392106119,-1216.0481427975,-22.4792902656,-30.767540951100003,-32.9221405596,-531.9393956604,-577.36176159,-421.07528119589995,-379.1776690044,-378.81036975
1658340000,-24.3005126556,-21.6164720124,-216.2509775775,-1212.8257294716,-22.4792902656,-30.4802203359,-32.9221405596,-525.9946702716001,-579.1962580911,-421.8059373591,-381.3811072956,-379.5449512476
1658343600,-24.0129767424,-21.3288467904,-216.5788867584,-1203.59801916,-22.4792902656,-30.4802203359,-32.9221405596,-517.7454581439,-580.7172089775,-421.4406177831,-382.06955617110003,-378.4430534844
1658347200,-24.0129767424,-21.3288467904,-216.2509775775,-1193.1289927536,-22.19169375,-30.145000857600003,-32.9221405596,-508.4036531136,-580.7172089775,-420.7099275975,-381.01391010839995,-375.5039109564
1658350800,-24.0129767424,-21.3288467904,-215.26717188959998,-1180.2232788591,-22.19169375,-30.145000857600003,-32.9221405596,-498.2818160064,-579.9567719424,-418.9285851996,-378.4430534844,-370.7714424375
1658354400,-24.0129767424,-21.3288467904,-214.61123631,-1169.3045812958999,-22.19169375,-30.145000857600003,-32.9221405596,-488.14664211839994,-579.1962580911,-417.83217354839996,-375.8713633116,-365.9901665511
1658358000,-24.0129767424,-21.3288467904,-213.6272352591,-1158.7786013919,-22.19169375,-30.145000857600003,-32.9221405596,-478.7687985951,-579.1962580911,-416.0044805724,-372.9312681564,-361.25203091040004
1658361600,-24.0129767424,-21.0412119996,-212.3150515191,-1148.6473804911,-22.19169375,-29.85765951,-32.9221405596,-469.28879303040003,-577.0037589564,-414.54201999,-369.66832624709997,-356.0966831856
1658365200,-24.0129767424,-21.0412119996,-211.33077696,-1141.3478931456,-22.19169375,-29.85765951,-32.9221405596,-461.3420584479,-575.8848910839,-413.4449959356,-366.3580590711,-350.6154729399
1658368800,-24.3005126556,-21.0412119996,-210.0182285424,-1134.8662376199,-22.19169375,-29.85765951,-32.9221405596,-454.1148246684,-574.4077311216,-412.3478187804,-363.4144425975,-345.82208933190003
1658372400,-24.3005126556,-21.0412119996,-208.7054717376,-1129.9490254703999,-22.19169375,-29.85765951,-32.9221405596,-447.2450042439,-573.2884778391,-411.2504885244,-360.5157567984,-341.4410052924
1658376000,-24.3005126556,-21.0412119996,-207.3925065456,-1125.48308736,-22.19169375,-29.5224158439,-32.9221405596,-441.4168341831,-572.1690584316001,-410.1987366975,-357.56997990239995,-337.0113677244
1658379600,-24.6359591271,-21.0412119996,-206.4076458975,-1123.8696255711,-22.4792902656,-29.5224158439,-33.20937984,-436.7238164976,-572.1690584316001,-409.46700032309997,-354.99153203040004,-332.9948927775
1658383200,-25.2588965916,-21.3288467904,-205.4226680316,-1125.89673039,-22.4792902656,-29.5224158439,-33.20937984,-432.7120142064,-571.8108091355999,-408.7351959039,-352.4583165159,-329.6693920719
1658386800,-25.54639104,-21.3288467904,-204.4375729479,-1129.1635759071,-22.766877212399997,-29.5224158439,-33.5444802399,-430.88778726239997,-571.0494728991,-408.7351959039,-350.2468531911,-327.4516260975
1658390400,-26.1692628519,-21.9040876656,-204.765951,-1137.3027874236,-23.1023832231,-30.4802203359,-33.8316987879,-433.07680856160005,-571.8108091355999,-410.1987366975,-349.8782164311,-327.4516260975
1658394000,-26.792089743600002,-21.9040876656,-205.7510070111,-1149.4716576951,-23.1023832231,-30.4802203359,-34.166775,-441.7812223959,-573.2884778391,-412.71356151,-352.8268341975,-330.7780454079
1658397600,-27.3669670044,-22.4792902656,-207.72076737990002,-1167.2911909596,-23.3899494375,-33.20937984,-34.4539728156,-457.02470793239996,-575.8848910839,-418.19766111,-359.04300444,-337.38059775
1658401200,-23.3899494375,-21.9040876656,-211.00265939189998,-1189.0757531775,-22.766877212399997,-31.3900361244,-34.789024839899994,-475.8217154496,-580.3146342336,-424.7278815639,-368.5650569559,-346.9285099479
1658404800,-23.3899494375,-21.9040876656,-214.2832489839,-1209.6016572879,-22.766877212399997,-31.0548519975,-35.12406384,-493.8040757559,-585.9040230711,-432.7120142064,-378.81036975,-341.4410052924
1658408400,-23.7254312604,-21.9040876656,-216.5788867584,-1223.2619582844,-22.766877212399997,-30.767540951100003,-35.12406384,-506.9133272799,-591.8019091839,-440.3235674775,-386.8411569375,-367.0937930775
1658412000,-24.3005126556,-21.9040876656,-218.2182372999,-1231.2811023591,-22.766877212399997,-31.0548519975,-35.12406384,-514.7681483799,-596.6240075991001,-445.4241689079,-393.03077376,-375.13644159
1658415600,-24.6359591271,-21.6164720124,-220.1850281511,-1237.2988511199,-22.766877212399997,-30.767540951100003,-35.12406384,-520.3609260591,-601.7998452159,-449.0199092316,-398.52858864,-381.3811072956
1658419200,-24.6359591271,-21.6164720124,-222.4322149959,-1241.2803726975,-22.4792902656,-30.767540951100003,-35.12406384,-522.9754998231,-604.0297066359,-451.56778372440004,-403.2444938319,-385.3732782879
1658422800,-24.3005126556,-21.6164720124,-223.92999933509998,-1241.2803726975,-22.4792902656,-30.767540951100003,-34.789024839899994,-522.9754998231,-606.9721062279,-453.75101271,-407.2713829311,-389.04246457589994
1658426400,-24.3005126556,-21.6164720124,-225.0531589719,-1236.8924298759,-22.4792902656,-30.4802203359,-34.789024839899994,-519.2336788416001,-608.4874359759,-454.4786196156,-409.46700032309997,-390.1428887439
1658430000,-24.3005126556,-21.6164720124,-224.6787894375,-1227.65951775,-22.4792902656,-30.145000857600003,-34.789024839899994,-511.7896807911,-609.2004260079,-453.75101271,-409.83287701589995,-389.77609769910003
1658433600,-24.3005126556,-21.3288467904,-223.92999933509998,-1215.2324987775,-22.4792902656,-30.145000857600003,-34.4539728156,-502.80214124639997,-608.0863491804,-451.93169775,-407.6373616911,-386.4742127919
1658437200,-24.0129767424,-21.3288467904,-222.8066865975,-1203.59801916,-22.19169375,-30.145000857600003,-34.789024839899994,-496.0206566364,-606.9721062279,-450.11195751,-405.80729777910005,-382.4367044511
1658440800,-24.3005126556,-21.3288467904,-221.6832207591,-1190.7137393775,-22.19169375,-29.85765951,-34.789024839899994,-485.1578418204,-605.8576971504,-449.0199092316,-402.8783109375,-378.0757202076
1658444400,-24.3005126556,-21.6164720124,-220.1850281511,-1180.6333894071001,-22.19169375,-29.85765951,-34.789024839899994,-476.91,-603.6729734631,-446.88087119910006,-399.6276923136,-373.29883959
1658448000,-24.3005126556,-21.6164720124,-218.87388634709998,-1170.1261898679,-22.19169375,-29.85765951,-34.789024839899994,-468.92569128959997,-602.5580726556,-445.4241689079,-395.9634180096,-368.5650569559
1658451600,-24.3005126556,-21.6164720124,-217.23466604759997,-1162.0287113436,-22.19169375,-29.5224158439,-34.789024839899994,-462.06895513589996,-600.3277726655999,-443.9671944375,-392.6641166784,-364.51842635910003
1658455200,-24.3005126556,-21.6164720124,-215.59512014310002,-1154.7445141430999,-22.19169375,-29.5224158439,-34.789024839899994,-455.56990239,-598.4984308239,-442.1455935975,-389.04246457589994,-359.77941464160006
1658458800,-24.6359591271,-21.6164720124,-214.2832489839,-1150.2958285791,-22.4792902656,-29.5224158439,-34.789024839899994,-450.11195751,-596.9810767431,-441.05242895910004,-386.1072516351,-355.72831647839996
1658462400,-24.9234743079,-21.6164720124,-212.9711694375,-1147.4519896944,-22.4792902656,-29.85765951,-35.12406384,-444.69571569510003,-595.1509175664,-439.5946379511,-382.80383571989995,-351.7212301191
1658466000,-25.2588965916,-21.6164720124,-211.6588815039,-1145.3904461244001,-22.4792902656,-30.4802203359,-35.12406384,-440.3235674775,-594.3919400391001,-438.91120472160003,-380.2794647004,-348.40349927910006
1658469600,-25.54639104,-21.9040876656,-210.3463851831,-1147.0397341404,-22.766877212399997,-32.2997559591,-35.4590898159,-437.81758716,-592.56114879,-438.18214335839997,-377.3410026204,-345.0843905319
1658473200,-26.1692628519,-22.19169375,-210.0182285424,-1151.07869244,-23.1023832231,-32.9221405596,-35.7941027676,-436.7238164976,-591.8019091839,-437.4530139504,-375.13644159,-343.6087887975
1658476800,-26.792089743600002,-22.4792902656,-210.0182285424,-1159.6015708599,-23.3899494375,-33.5444802399,-36.08124636,-440.3235674775,-591.8019091839,-438.5466825456,-374.7689552124,-343.9777147479
1658480400,-27.3669670044,-23.3899494375,-211.33077696,-1173.3705043164,-23.3899494375,-33.8316987879,-36.4162351239,-450.8399046396,-593.6775380775,-442.1455935975,-378.4430534844,-348.0347774631
1658484000,-27.9897075111,-23.7254312604,-213.6272352591,-1192.3103664576,-23.7254312604,-34.789024839899994,-36.7512108636,-466.79212501589996,-596.2669214439,-447.2450042439,-385.3732782879,-354.99153203040004
1658487600,-23.7254312604,-22.19169375,-216.9067829151,-1215.2324987775,-22.4792902656,-30.4802203359,-37.0861735791,-484.3878117975,-601.7998452159,-455.2061584764,-395.23035901440005,-364.8863869239
1658491200,-23.3899494375,-22.19169375,-219.8572622364,-1236.0795076478998,-22.766877212399997,-30.4802203359,-37.7560599375,-503.16365244,-608.4874359759,-463.5225443775,-405.80729777910005,-375.5039109564
1658494800,-23.7254312604,-21.9040876656,-222.8066865975,-1250.0469574671001,-22.766877212399997,-30.4802203359,-37.7560599375,-515.5351419036,-614.3675687751,-470.7410298816,-414.54201999,-385.0062660975
1658498400,-24.3005126556,-21.9040876656,-225.4275114951,-1259.6515808124,-22.766877212399997,-30.4802203359,-37.7560599375,-522.9754998231,-619.1751417519,-475.4589199104,-420.34455698790003,-391.93075148160005
1658502000,-24.3005126556,-21.9040876656,-227.2990189431,-1264.8326788476,-22.766877212399997,-30.4802203359,-37.7560599375,-526.7154897084,-623.2235604444,-479.53938892440004,-426.1884453975,-397.0628789184
1658505600,-24.6359591271,-21.9040876656,-229.59103599,-1267.9877750256,-22.766877212399997,-30.145000857600003,-37.7560599375,-529.32788976,-626.2028574375,-481.7600724279,-431.2526666736,-401.4134092479
1658509200,-24.6359591271,-21.9040876656,-231.0875189724,-1268.7965135616,-22.4792902656,-29.85765951,-37.7560599375,-528.9676118783999,-629.1365207151,-484.0254181479,-434.9005251696,-405.07515313589994
1658512800,-24.3005126556,-21.9040876656,-231.46159719,-1262.8093307376,-22.4792902656,-29.5224158439,-37.7560599375,-523.3811294064,-629.8475374479,-484.0254181479,-437.0884237296,-406.1733445839
1658516400,-24.3005126556,-21.9040876656,-231.46159719,-1252.4799190791,-22.4792902656,-29.5224158439,-37.4211232704,-515.1290960775,-630.2474544576,-482.1678836976,-436.7238164976,-405.07515313589994
1658520000,-24.3005126556,-21.9040876656,-230.7134237436,-1240.0618106775,-22.19169375,-29.235053763899998,-37.4211232704,-505.42271199,-629.1365207151,-480.2645802396,-434.9005251696,-402.5121110319
1658523600,-24.3005126556,-21.9040876656,-229.2168727164,-1227.25246656,-22.19169375,-29.235053763899998,-37.4211232704,-496.0206566364,-627.6698338044,-477.27272749440004,-431.9823744624,-398.16218672639997
1658527200,-24.3005126556,-21.6164720124,-227.6732693991,-1214.8246368975,-22.19169375,-29.235053763899998,-37.7560599375,-487.01465701589996,-625.091319,-474.3704312256,-428.3787808119,-393.7640368896
1658530800,-24.3005126556,-21.6164720124,-226.1761655079,-1203.59801916,-22.19169375,-28.9476821151,-37.7560599375,-477.6354379776,-622.5119100444,-472.1929945536,-425.4581975031,-389.04246457589994
1658534400,-24.3005126556,-21.6164720124,-224.6787894375,-1194.7250082279,-22.19169375,-28.9476821151,-37.7560599375,-470.01494547839997,-620.2875639744,-469.65187776,-421.4406177831,-384.27219068309995
1658538000,-24.3005126556,-21.9040876656,-223.1811411879,-1187.8879472496,-22.19169375,-28.9476821151,-37.7560599375,-462.06895513589996,-618.8191315551001,-467.836284,-418.19766111,-379.9122164796
1658541600,-24.6359591271,-21.9040876656,-221.3086981239,-1181.4125262204,-22.19169375,-28.9476821151,-38.0431381431,-455.56990239,-616.5936824151,-465.70241790389997,-414.90766065239995,-375.8713633116
1658545200,-24.6359591271,-21.9040876656,-219.8572622364,-1177.39279164,-22.19169375,-28.9476821151,-38.0431381431,-449.74795842839995,-615.4807086576001,-463.5225443775,-411.61628228760003,-371.8744055271
1658548800,-24.9234743079,-21.9040876656,-217.89039324,-1173.7400045031,-22.19169375,-28.9476821151,-38.0431381431,-443.9671944375,-612.1407906351001,-460.9785845871,-408.3692681775,-367.8294590391
1658552400,-24.9234743079,-21.9040876656,-216.5788867584,-1172.1386815344001,-22.4792902656,-28.9476821151,-38.378050622399996,-439.5946379511,-609.5568955071,-458.79738418709996,-405.07515313589994,-364.8863869239
1658556000,-25.54639104,-22.19169375,-215.59512014310002,-1173.7400045031,-22.4792902656,-28.9476821151,-38.7129500775,-436.3591922544,-608.4874359759,-457.7520086364,-402.5121110319,-361.6201424496
1658559600,-26.1692628519,-22.19169375,-214.9392106119,-1178.21335296,-22.766877212399997,-29.235053763899998,-39.0478365084,-435.994551,-607.3732528283999,-456.66103206360003,-400.36034304,-359.77941464160006
1658563200,-26.792089743600002,-22.4792902656,-215.26717188959998,-1186.6589472636,-23.1023832231,-29.85765951,-39.3827099151,-440.3235674775,-607.3732528283999,-457.38836679,-399.6276923136,-360.5157567984
1658566800,-27.7022943975,-23.3899494375,-217.23466604759997,-1203.59801916,-23.7254312604,-30.4802203359,-40.3394193111,-453.75101271,-608.4874359759,-460.61509371510004,-403.9768085871,-364.8863869239
1658570400,-28.325010716399998,-23.7254312604,-220.9341584775,-1228.06654236,-24.0129767424,-34.166775,-41.0090526279,-473.6446870464,-612.5416597404001,-468.92569128959997,-412.3478187804,-372.9312681564
1658574000,-24.0129767424,-23.7254312604,-226.1761655079,-1256.0465318871002,-23.1023832231,-31.6773264384,-41.34384975,-495.2969452956,-618.8191315551001,-479.1314389071,-423.2670455511,-384.63923689589996
1658577600,-22.4792902656,-22.19169375,-229.2168727164,-1277.5644917631,-22.4792902656,-31.0548519975,-41.6308083456,-512.5118398599,-628.0254208476,-491.5416006759,-434.53581587040003,-396.69640896
1658581200,-22.766877212399997,-22.19169375,-232.9577399484,-1295.7875585319,-22.4792902656,-30.767540951100003,-42.6350880759,-527.8416338559,-636.1104303984,-499.7738171775,-443.6029082919,-406.1733445839
1658584800,-23.1023832231,-21.9040876656,-234.82753564439997,-1307.2900321431,-22.4792902656,-30.145000857600003,-42.9698219376,-536.07995031,-643.1221454555999,-435.26521745760004,-451.93169775,-413.07928722839995
1658588400,-23.7254312604,-21.9040876656,-236.6969060604,-1312.8324005078998,-22.19169375,-29.85765951,-43.6392505884,-541.2974430396,-646.0491249263999,-351.3526614039,-457.7520086364,-418.5631316604
1658592000,-24.6359591271,-21.9040876656,-241.9755797775,-1321.4972497959,-22.19169375,-29.235053763899998,-43.9739453775,-542.7810762951,-644.2309860231,-292.0697374311,-462.43237796309995,-422.5365254775
1658595600,-23.7254312604,-21.6164720124,-239.3600240991,-1310.0618490624001,-22.19169375,-29.235053763899998,-44.3086271424,-542.7810762951,-638.3300452284,-252.8025734559,-464.9758614399,-424.7278815639
1658599200,-23.7254312604,-21.6164720124,-238.98630524310002,-1301.7426018831,-21.9040876656,-28.9476821151,-44.9301444375,-539.4087638976,-631.7136326271,-225.4275114951,-466.06567061910005,-425.4581975031
1658602800,-23.7254312604,-21.6164720124,-238.98630524310002,-1289.4640202496,-22.19169375,-29.235053763899998,-45.2647889904,-534.1899761904,-623.9796144375,-207.3925065456,-465.70241790389997,-424.3626980775
1658606400,-23.7254312604,-21.6164720124,-237.81832417560003,-1277.92787031,-22.19169375,-28.9476821151,-44.5954868604,-522.6149221191,-615.8368783344,-193.9225985031,-463.88589915989996,-421.07528119589995
1658610000,-23.7254312604,-21.6164720124,-236.3230659996,-1263.2140535196002,-22.19169375,-29.235053763899998,-44.5954868604,-513.6400771824,-607.72980951,-182.8769284476,-460.9785845871,-417.83217354839996
1658613600,-23.3899494375,-21.3288467904,-234.82753564439997,-1249.2763201404,-21.9040876656,-28.9476821151,-44.5954868604,-506.1454707036,-599.6139363264,-174.21815775,-458.0701812975,-413.81068763160005
1658617200,-23.3899494375,-21.3288467904,-232.9577399484,-1238.0709782556,-21.9040876656,-28.6124030976,-44.5954868604,-499.0504588191,-592.2038691324,-166.9171013775,-455.2061584764,-409.46700032309997
1658620800,-23.3899494375,-21.3288467904,-231.0875189724,-1226.0718677991001,-21.9040876656,-28.6124030976,-44.9301444375,-492.2656649991,-585.9040230711,-161.02450119,-452.29559476440005,-405.07515313589994
1658624400,-23.3899494375,-21.3288467904,-229.2168727164,-1216.8636804975,-21.9040876656,-28.6124030976,-45.2647889904,-486.2900993679,-578.1224607039,-156.16587761190002,-449.0199092316,-401.0471412975
1658628000,-23.7254312604,-21.3288467904,-226.9247514759,-1208.0094151104,-21.9040876656,-28.6124030976,-45.5994205191,-480.2645802396,-571.4077583439,-151.6821230064,-446.15255407589996,-397.0628789184
1658631600,-23.7254312604,-21.3288467904,-224.6787894375,-1200.7780041951,-21.9040876656,-28.6124030976,-45.5994205191,-476.1844939776,-565.4938731975,-148.5184535775,-443.23860513510004,-392.6641166784
1658635200,-23.7254312604,-21.3288467904,-222.4322149959,-1194.3158120319001,-21.9040876656,-30.4802203359,-45.93403902359999,-470.37799618559995,-559.1716528896,-145.0701122304,-440.3235674775,-389.40928964309995
1658638800,-23.7254312604,-21.3288467904,-220.55960181990002,-1191.1231694775,-21.9040876656,-31.3900361244,-46.268644503900006,-466.79212501589996,-553.5624287271,-142.2820615959,-437.81758716,-385.7402734671
1658642400,-23.7254312604,-21.6164720124,-219.20169133439998,-1189.0757531775,-21.9040876656,-31.6773264384,-46.93781639189999,-463.5225443775,-548.7576337344,-140.2022350911,-435.6298927344,-382.4367044511
1658646000,-24.0129767424,-21.6164720124,-218.2182372999,-1191.1231694775,-21.9040876656,-32.0124863775,-47.2723827996,-461.7055152975,-544.623975,-138.4528917744,-433.80634623839995,-380.64669591
1658649600,-24.3005126556,-21.9040876656,-218.2182372999,-1197.1387247484,-22.19169375,-32.5870159719,-47.606936183100004,-463.88589915989996,-540.8927655519,-137.74359487590002,-432.7120142064,-380.64669591
1658653200,-24.6359591271,-22.19169375,-219.5294832975,-1209.2342526684,-22.19169375,-33.20937984,-48.5627312271,-472.91887482239997,-539.0489623296,-138.4528917744,-435.26521745760004,-383.5380472239
1658656800,-25.2588965916,-22.19169375,-222.0577263831,-1228.06654236,-22.4792902656,-33.8316987879,-49.90066567109999,-487.4221907904,-540.5330341551,-141.5730876444,-441.4168341831,-389.77609769910003
1658660400,-23.1023832231,-21.3288467904,-225.0531589719,-1248.8706830064,-22.19169375,-31.3900361244,-50.90397975,-505.42271199,-547.2302393244,-147.1487341296,-450.8399046396,-398.52858864
1658664000,-23.1023832231,-21.6164720124,-228.79591869990003,-1271.5858453719,-22.19169375,-31.0548519975,-52.1937827559,-519.6395069775,-559.1716528896,-154.7974068924,-461.3420584479,-408.7351959039
1658667600,-23.1023832231,-21.6164720124,-231.0875189724,-1287.0859650519,-22.19169375,-31.0548519975,-52.5281444976,-528.9676118783999,-570.6911704431,-162.0618999744,-469.28879303040003,-416.7356087964
1658671200,-23.7254312604,-21.6164720124,-232.9577399484,-1295.4252397296,-22.19169375,-30.767540951100003,-52.5281444976,-533.0647689879,-579.1962580911,-168.3307074375,-474.73327779839997,-422.5365254775
1658674800,-23.7254312604,-21.6164720124,-234.0796683996,-1297.3976038358999,-22.19169375,-30.767540951100003,-52.1937827559,-534.1899761904,-584.4288279024,-173.8885703079,-479.1314389071,-426.1884453975
1658678400,-24.0129767424,-21.6164720124,-235.20144375,-1296.5926343439,-22.19169375,-30.4802203359,-52.5281444976,-534.5500074096,-586.2616025511,-178.7368999836,-482.5303645296,-429.1087565271
1658682000,-24.0129767424,-21.6164720124,-236.3230659996,-1292.6467469775,-22.19169375,-30.145000857600003,-52.1937827559,-531.2190695484,-585.5017258224,-183.20616051509998,-485.1578418204,-430.52289084
1658685600,-23.7254312604,-21.6164720124,-236.3230659996,-1285.1102667504,-22.19169375,-30.145000857600003,-52.1937827559,-526.3550884956,-583.3110630999,-185.980599,-484.7954843196,-430.1579774064
1658689200,-23.7254312604,-21.6164720124,-234.45361052759998,-1273.1618644464,-21.9040876656,-30.145000857600003,-52.1937827559,-521.1273592763999,-578.4804101775,-187.72002903990003,-483.6630074871,-428.3787808119
1658692800,-23.7254312604,-21.6164720124,-233.33173311,-1260.0565109184,-21.9040876656,-29.85765951,-52.1937827559,-511.7896807911,-573.2884778391,-188.4250997184,-481.7600724279,-424.7278815639
1658696400,-23.7254312604,-21.6164720124,-231.46159719,-1247.2884442119,-21.9040876656,-29.85765951,-52.1937827559,-503.5251466224,-568.0929688959,-189.08311172759997,-478.7687985951,-421.07528119589995
1658700000,-23.7254312604,-21.3288467904,-229.2168727164,-1233.6807676284,-21.9040876656,-29.85765951,-52.5281444976,-496.0206566364,-561.3693356558999,-189.08311172759997,-475.4589199104,-416.37005319
1658703600,-23.7254312604,-21.3288467904,-227.2990189431,-1222.8546200304,-21.9040876656,-29.85765951,-52.5281444976,-488.5541160879,-555.8066167671,-189.08311172759997,-472.91887482239997,-411.9820590396
1658707200,-23.7254312604,-21.3288467904,-225.0531589719,-1213.6416871356,-21.9040876656,-29.85765951,-52.5281444976,-481.3975554471,-549.4763012544,-188.7541122351,-469.65187776,-407.6373616911
1658710800,-23.7254312604,-21.6164720124,-223.1811411879,-1206.0083326431,-21.9040876656,-30.145000857600003,-52.81472991,-475.09610736,-544.2644200944001,-188.7541122351,-466.79212501589996,-403.61065971510004
1658714400,-23.7254312604,-21.6164720124,-220.9341584775,-1198.3656833904,-21.9040876656,-31.6773264384,-53.1490674639,-469.65187776,-538.2843275151,-188.4250997184,-463.5225443775,-399.2613414336
1658718000,-23.7254312604,-21.6164720124,-218.87388634709998,-1193.5382660316,-21.9040876656,-32.2997559591,-53.1490674639,-464.24923693110003,-533.0647689879,-188.0490694656,-460.61509371510004,-395.9634180096
1658721600,-23.7254312604,-21.6164720124,-217.23466604759997,-1188.2975607516,-21.9040876656,-32.5870159719,-53.1490674639,-459.1609601151,-528.6073169855999,-188.0490694656,-458.0701812975,-392.2974425856
1658725200,-24.0129767424,-21.6164720124,-215.92305537240003,-1188.2975607516,-22.19169375,-32.5870159719,-53.1490674639,-454.8423975516,-526.3550884956,-188.0490694656,-456.2973391836,-389.04246457589994
1658728800,-24.0129767424,-21.9040876656,-214.61123631,-1188.2975607516,-22.19169375,-32.9221405596,-53.8177034991,-452.65947476760005,-521.1273592763999,-188.0490694656,-454.1148246684,-386.4742127919
1658732400,-24.3005126556,-21.9040876656,-213.9552486336,-1193.1289927536,-22.4792902656,-33.5444802399,-54.4862874375,-452.29559476440005,-518.1513652223999,-188.4250997184,-452.65947476760005,-385.3732782879
1658736000,-24.6359591271,-22.19169375,-214.2832489839,-1201.1867804271,-22.766877212399997,-34.166775,-55.4413169775,-456.66103206360003,-515.1290960775,-189.78806678310002,-451.56778372440004,-385.3732782879
1658739600,-25.2588965916,-22.4792902656,-215.59512014310002,-1214.4167484375,-23.1023832231,-35.12406384,-56.3962401975,-465.70241790389997,-514.00107804,-192.88915854389998,-453.3871837404,-388.3087634079
1658743200,-25.8338759196,-23.3899494375,-217.5625361559,-1233.2741098224,-23.1023832231,-35.7941027676,-57.0646231911,-480.6271503804,-516.6178255164,-198.4306491975,-459.5245190319,-394.13064293760004
1658746800,-23.1023832231,-22.4792902656,-220.55960181990002,-1255.2361188111,-22.766877212399997,-30.4802203359,-57.7329540879,-496.0206566364,-524.8682536791,-207.0642326871,-469.28879303040003,-403.61065971510004
1658750400,-23.1023832231,-22.4792902656,-224.6787894375,-1277.92787031,-22.4792902656,-30.4802203359,-59.4512800311,-511.7896807911,-539.0489623296,-217.89039324,-479.90199308760003,-414.1763623164
1658754000,-23.1023832231,-22.19169375,-227.6732693991,-1293.8146734575998,-22.4792902656,-30.4802203359,-61.550988375900005,-523.3811294064,-553.5624287271,-229.59103599,-487.78442496,-422.5365254775
1658757600,-23.1023832231,-22.19169375,-229.2168727164,-1300.9382065191,-22.19169375,-29.85765951,-61.550988375900005,-525.9946702716001,-559.88933376,-240.8547294111,-494.16601010309995,-428.3787808119
1658761200,-23.7254312604,-21.9040876656,-229.9651822524,-1301.3404174911,-22.19169375,-29.5224158439,-61.550988375900005,-523.7416709616,-547.6345795119,-246.08405459189999,-498.2818160064,-431.6175290736
1658764800,-24.0129767424,-21.9040876656,-229.2168727164,-1293.8146734575998,-22.19169375,-29.5224158439,-61.2169782876,-520.3609260591,-523.7416709616,-245.3372122719,-499.0504588191,-431.2526666736
1658768400,-24.0129767424,-21.9040876656,-229.2168727164,-1283.4969786864,-22.19169375,-29.5224158439,-61.2169782876,-514.00107804,-497.1513193839,-242.3491625439,-497.92007516160004,-430.1579774064
1658772000,-24.0129767424,-21.6164720124,-228.0475028439,-1272.7577955324,-21.9040876656,-29.235053763899998,-60.835236524399996,-506.9133272799,-471.1040465664,-238.6125693759,-495.6588094716,-427.28368965510003
1658775600,-24.0129767424,-21.6164720124,-226.9247514759,-1259.2466241264,-21.9040876656,-28.9476821151,-60.167147505600006,-499.0504588191,-447.9732192999,-234.0796683996,-493.03490878559995,-423.99749757989997
1658779200,-23.7254312604,-21.6164720124,-225.0531589719,-1245.2593415319,-21.9040876656,-28.9476821151,-59.7853589616,-492.2656649991,-426.9186252471,-229.9651822524,-489.64060808309995,-420.02484375
1658782800,-23.7254312604,-21.6164720124,-223.5555787671,-1232.0946518751,-21.9040876656,-29.235053763899998,-59.7853589616,-486.6523866975,-408.3692681775,-225.4275114951,-486.6523866975,-416.0044805724
1658786400,-23.7254312604,-21.3288467904,-221.6832207591,-1219.6357134039,-21.9040876656,-29.5224158439,-60.167147505600006,-481.7600724279,-392.2974425856,-221.6832207591,-484.0254181479,-411.9820590396
1658790000,-23.7254312604,-21.6164720124,-220.1850281511,-1210.0098593919001,-21.9040876656,-29.85765951,-60.5011985271,-477.6354379776,-379.1776690044,-218.5460683356,-481.7600724279,-408.3692681775
1658793600,-23.7254312604,-21.6164720124,-218.2182372999,-1199.5515160191,-21.9040876656,-30.4802203359,-61.2169782876,-476.5472554944,-365.9901665511,-215.59512014310002,-479.53938892440004,-404.7090552975
1658797200,-23.7254312604,-21.3288467904,-216.9067829151,-1192.7196928956,-22.19169375,-29.5224158439,-59.117188076400005,-464.9758614399,-354.2546795376,-213.2992088604,-476.5472554944,-400.7266428864
1658800800,-23.7254312604,-21.6164720124,-214.9392106119,-1185.0608896479,-22.19169375,-28.9476821151,-57.7329540879,-455.56990239,-343.9777147479,-210.3463851831,-473.28178944,-397.0628789184
1658804400,-23.7254312604,-21.6164720124,-213.6272352591,-1179.8131417311,-22.19169375,-29.235053763899998,-58.0671,-452.29559476440005,-334.4262812316,-208.3772499759,-471.1040465664,-394.13064293760004
1658808000,-23.7254312604,-21.6164720124,-211.9869730236,-1176.98247111,-22.19169375,-29.5224158439,-58.0671,-449.0199092316,-325.9727752239,-206.0793329664,-468.56257253760003,-391.2431598111
1658811600,-24.0129767424,-21.3288467904,-210.3463851831,-1174.5610389471,-22.19169375,-29.5224158439,-58.0671,-446.15255407589996,-318.2506055616,-203.78077777110002,-466.06567061910005,-388.3087634079
1658815200,-24.0129767424,-21.6164720124,-209.03368047509997,-1174.9715162991001,-22.19169375,-29.5224158439,-57.3987951516,-442.5099477879,-311.2619028975,-202.1385619056,-464.24923693110003,-385.7402734671
1658818800,-24.0129767424,-21.9040876656,-208.04901519,-1178.21335296,-22.19169375,-29.5224158439,-57.3987951516,-440.6880067239,-305.00859375,-201.1530760959,-463.1591725839,-384.63923689589996
1658822400,-24.3005126556,-21.9040876656,-208.04901519,-1185.4706865519,-22.4792902656,-29.235053763899998,-56.7304382064,-438.91120472160003,-299.0750563164,-200.49602043509998,-461.7055152975,-384.27219068309995
1658826000,-24.6359591271,-22.19169375,-208.7054717376,-1195.9524373359,-22.4792902656,-28.9476821151,-56.3962401975,-442.1455935975,-294.2972508231,-201.81007965990003,-462.06895513589996,-386.4742127919
1658829600,-24.9234743079,-22.19169375,-210.3463851831,-1211.2343062239,-22.4792902656,-29.235053763899998,-56.7304382064,-453.0233377596,-290.9557510839,-206.0793329664,-465.70241790389997,-391.56404336639997
1658833200,-22.766877212399997,-21.6164720124,-212.3150515191,-1229.694375,-22.4792902656,-29.235053763899998,-57.7329540879,-468.1994367744,-290.9557510839,-213.6272352591,-473.28178944,-399.6276923136
1658836800,-23.3899494375,-21.6164720124,-214.9392106119,-1250.4525175191,-22.4792902656,-29.235053763899998,-59.117188076400005,-483.25527516,-295.73552775,-224.3044028919,-484.0254181479,-408.0033234399
1658840400,-22.766877212399997,-21.3288467904,-216.9067829151,-1265.6013768975,-22.4792902656,-29.235053763899998,-59.4512800311,-493.8040757559,-287.9843723319,-234.45361052759998,-493.03490878559995,-416.37005319
1658844000,-23.3899494375,-21.3288467904,-217.5625361559,-1271.9899913678998,-22.4792902656,-29.235053763899998,-58.4012328879,-497.92007516160004,-297.9620332284,-241.6019799999,-498.2818160064,-422.1712399239
1658847600,-23.7254312604,-21.3288467904,-217.89039324,-1270.7774736399,-22.4792902656,-29.5224158439,-57.7329540879,-496.78952537910004,-277.62246876,-244.96376559509997,-500.5423108764,-424.3626980775
1658851200,-23.7254312604,-21.3288467904,-217.5625361559,-1265.1968109375,-22.19169375,-29.5224158439,-57.0646231911,-492.67292127839994,-256.5327023679,-246.08405459189999,-500.90392839,-425.4581975031
1658854800,-24.0129767424,-21.3288467904,-216.9067829151,-1256.4516985551,-22.19169375,-29.5224158439,-56.3962401975,-487.01465701589996,-236.6969060604,-246.08405459189999,-499.4121465039,-423.99749757989997
1658858400,-23.7254312604,-21.3288467904,-216.5788867584,-1246.0710623439,-22.19169375,-29.85765951,-55.7755521984,-481.03502145510004,-219.5294832975,-244.96376559509997,-497.1513193839,-422.1712399239
1658862000,-23.7254312604,-21.3288467904,-215.26717188959998,-1234.8599249559,-22.19169375,-30.145000857600003,-55.4413169775,-475.4589199104,-206.4076458975,-243.4698087759,-494.16601010309995,-418.9285851996
1658865600,-23.7254312604,-21.3288467904,-214.2832489839,-1223.2619582844,-22.19169375,-30.4802203359,-55.107068732399995,-470.01494547839997,-194.62714289759998,-241.6019799999,-491.1795429975,-415.6388909436
1658869200,-23.7254312604,-21.3288467904,-212.9711694375,-1211.2343062239,-22.19169375,-30.4802203359,-54.4862874375,-463.1591725839,-187.0148985564,-240.1074107775,-488.9162970975,-413.07928722839995
1658872800,-23.7254312604,-21.0412119996,-211.33077696,-1199.9603719911,-22.19169375,-30.145000857600003,-53.8177034991,-455.2061584764,-175.5834526911,-237.4445351484,-485.1578418204,-408.0033234399
1658876400,-23.7254312604,-21.3288467904,-209.6900588775,-1190.3042826975,-22.19169375,-30.145000857600003,-53.1490674639,-448.3373013111,-167.9537692119,-235.57533484439998,-483.25527516,-404.3429404479
1658880000,-23.7254312604,-21.0412119996,-208.3772499759,-1181.4125262204,-22.19169375,-30.145000857600003,-52.5281444976,-441.7812223959,-161.02450119,-234.0796683996,-479.53938892440004,-400.36034304
1658883600,-23.7254312604,-21.0412119996,-206.7359458044,-1174.1505350150999,-22.19169375,-30.145000857600003,-52.1937827559,-435.6298927344,-155.1277478775,-232.2097025916,-476.91,-396.69640896
1658887200,-23.7254312604,-21.3288467904,-205.09431602790002,-1166.8802165616,-22.19169375,-29.85765951,-51.5250201999,-429.79304696160006,-149.5574019759,-230.7134237436,-474.3704312256,-393.3974138304
1658890800,-23.7254312604,-21.3288467904,-203.78077777110002,-1163.6325843975,-21.9040876656,-29.85765951,-50.90397975,-424.7278815639,-145.0701122304,-229.2168727164,-471.8300289024,-390.5096627775
1658894400,-23.7254312604,-21.3288467904,-202.4670311271,-1160.0130157239,-21.9040876656,-29.85765951,-50.5695547479,-420.34455698790003,-140.2022350911,-227.6732693991,-469.28879303040003,-386.8411569375
1658898000,-23.7254312604,-21.3288467904,-201.1530760959,-1158.7786013919,-21.9040876656,-29.85765951,-50.2351167216,-416.7356087964,-136.3721179584,-226.1761655079,-466.79212501589996,-384.27219068309995
1658901600,-23.7254312604,-21.3288467904,-199.7919744156,-1160.0130157239,-21.9040876656,-30.145000857600003,-49.90066567109999,-413.4449959356,-132.8714742396,-225.0531589719,-464.9758614399,-382.06955617110003
1658905200,-23.7254312604,-21.3288467904,-198.7592654064,-1163.2213734375,-22.19169375,-31.0548519975,-48.89723437439999,-409.46700032309997,-129.74805049440002,-224.3044028919,-463.1591725839,-380.2794647004
1658908800,-24.0129767424,-21.3288467904,-198.1020199644,-1168.1130600156,-22.19169375,-32.0124863775,-48.89723437439999,-408.0033234399,-126.6234689244,-223.5555787671,-462.43237796309995,-379.5449512476
1658912400,-24.0129767424,-21.6164720124,-197.39777060790001,-1173.3705043164,-22.19169375,-32.5870159719,-48.5627312271,-407.6373616911,-123.8293022319,-223.5555787671,-460.2515858319,-379.1776690044
1658916000,-24.3005126556,-21.9040876656,-197.39777060790001,-1181.4125262204,-22.4792902656,-32.9221405596,-48.5627312271,-408.7351959039,-121.3658797431,-224.3044028919,-459.8880609375,-380.2794647004
1658919600,-22.4792902656,-21.9040876656,-197.39777060790001,-1189.4852895975,-22.19169375,-29.85765951,-48.5627312271,-414.1763623164,-119.2808839599,-226.5504669975,-460.61509371510004,-382.4367044511
1658923200,-22.4792902656,-21.3288467904,-197.39777060790001,-1196.3615272119,-22.19169375,-29.85765951,-48.5627312271,-418.19766111,-118.61736829590001,-229.59103599,-462.43237796309995,-385.3732782879
1658926800,-22.4792902656,-21.3288467904,-197.72642775,-1201.5955300791,-22.19169375,-29.85765951,-48.5627312271,-422.1712399239,-115.8205513116,-232.2097025916,-464.24923693110003,-387.9418873071
1658930400,-23.1023832231,-21.3288467904,-197.72642775,-1207.1927238384,-22.19169375,-29.85765951,-48.5627312271,-423.2670455511,-109.51246844309999,-233.7057092604,-466.06567061910005,-390.5096627775
1658934000,-23.7254312604,-21.3288467904,-197.39777060790001,-1208.8260000624,-22.19169375,-29.85765951,-47.893685859899996,-426.1884453975,-103.24716592709999,-234.45361052759998,-467.1553266975,-391.56404336639997
1658937600,-24.0129767424,-21.3288467904,-197.39777060790001,-1209.6016572879,-22.19169375,-29.85765951,-47.606936183100004,-426.5535438279,-97.30984488959999,-234.82753564439997,-467.4731142144,-392.6641166784
1658941200,-24.0129767424,-21.3288467904,-196.6934614464,-1207.6010827644,-22.19169375,-29.85765951,-47.2723827996,-425.82332995589996,-92.4143713311,-235.20144375,-467.1553266975,-393.03077376
1658944800,-24.0129767424,-21.3288467904,-196.3647633711,-1203.59801916,-21.9040876656,-29.85765951,-46.93781639189999,-423.99749757989997,-87.5160779004,-234.45361052759998,-466.42890632309997,-391.93075148160005
1658948400,-23.7254312604,-21.3288467904,-195.33162748709998,-1197.5477375424,-21.9040876656,-29.85765951,-46.60323696,-420.7099275975,-83.6620411599,-233.7057092604,-464.9758614399,-391.2431598111
1658952000,-23.7254312604,-21.0412119996,-194.2983629559,-1189.8947994375,-21.9040876656,-29.85765951,-46.268644503900006,-416.7356087964,-80.1395449599,-232.2097025916,-462.7957837791,-387.9418873071
1658955600,-23.7254312604,-21.0412119996,-193.2649697775,-1182.2325665724,-21.9040876656,-29.85765951,-45.93403902359999,-412.3478187804,-76.66322391,-229.9651822524,-460.61509371510004,-385.3732782879
1658959200,-23.3899494375,-21.0412119996,-192.23144795189998,-1175.7923912631,-21.9040876656,-29.85765951,-45.5994205191,-408.0033234399,-73.8525595431,-228.0475028439,-458.4337912479,-382.4367044511
1658962800,-23.7254312604,-21.0412119996,-191.15081031,-1170.1261898679,-21.9040876656,-30.145000857600003,-45.2647889904,-403.9768085871,-71.3745967311,-226.1761655079,-456.2973391836,-379.5449512476
1658966400,-23.7254312604,-20.75356764,-190.1170253424,-1165.6882404975,-21.9040876656,-30.767540951100003,-44.5954868604,-399.2613414336,-68.56219164,-224.3044028919,-453.75101271,-376.6062169884
1658970000,-23.7254312604,-20.75356764,-189.08311172759997,-1163.2213734375,-21.9040876656,-31.3900361244,-44.3086271424,-395.59689701760004,-66.7980079119,-222.8066865975,-451.93169775,-374.4014518236
1658973600,-23.7254312604,-21.0412119996,-188.4250997184,-1163.2213734375,-21.9040876656,-32.2997559591,-43.9739453775,-392.2974425856,-64.6995860391,-220.9341584775,-449.74795842839995,-371.50676817510004
1658977200,-23.7254312604,-21.0412119996,-187.72002903990003,-1164.0437687775,-21.9040876656,-32.9221405596,-43.6392505884,-389.77609769910003,-62.982312663900004,-219.5294832975,-447.9732192999,-369.66832624709997
1658980800,-23.7254312604,-21.0412119996,-186.6858171975,-1166.4692155836,-21.9040876656,-33.20937984,-43.6392505884,-387.57499419510003,-61.2169782876,-218.2182372999,-446.15255407589996,-367.4616345639
1658984400,-23.7254312604,-21.0412119996,-185.980599,-1170.1261898679,-21.9040876656,-33.5444802399,-43.3045427751,-386.1072516351,-59.7853589616,-217.23466604759997,-444.69571569510003,-365.62225701989996
1658988000,-23.7254312604,-21.0412119996,-185.6514767079,-1175.3819670711,-21.9040876656,-33.5444802399,-43.3045427751,-384.27219068309995,-58.4012328879,-215.92305537240003,-443.23860513510004,-364.1504487831
1658991600,-23.7254312604,-21.0412119996,-185.2753209975,-1183.0525006044,-22.19169375,-33.8316987879,-43.3045427751,-384.27219068309995,-57.3987951516,-215.26717188959998,-442.1455935975,-363.4144425975
1658995200,-24.0129767424,-21.3288467904,-185.2753209975,-1191.1231694775,-22.19169375,-34.166775,-43.3045427751,-385.7402734671,-56.109774395100004,-215.26717188959998,-441.4168341831,-363.78245419589996
1658998800,-24.3005126556,-21.6164720124,-185.2753209975,-1199.5515160191,-22.19169375,-34.4539728156,-43.3045427751,-389.40928964309995,-55.107068732399995,-215.59512014310002,-441.05242895910004,-365.2543304775
1659002400,-24.3005126556,-21.6164720124,-185.6514767079,-1208.8260000624,-22.4792902656,-34.789024839899994,-43.6392505884,-396.69640896,-54.1520019804,-217.23466604759997,-441.7812223959,-368.5650569559
1659006000,-22.4792902656,-21.6164720124,-185.980599,-1216.4559249375,-22.19169375,-32.0124863775,-43.3045427751,-403.61065971510004,-53.483391993599994,-220.1850281511,-444.69571569510003,-373.29883959
1659009600,-22.4792902656,-21.3288467904,-187.0148985564,-1224.0765550524,-22.19169375,-32.0124863775,-43.3045427751,-410.51884996440003,-52.81472991,-224.6787894375,-448.6558591164,-377.7083699196
1659013200,-22.4792902656,-21.3288467904,-187.72002903990003,-1228.88051184,-22.19169375,-31.6773264384,-43.3045427751,-416.37005319,-51.85940799,-228.0475028439,-452.29559476440005,-382.06955617110003
1659016800,-23.3899494375,-21.3288467904,-188.0490694656,-1231.6878904071,-22.19169375,-31.3900361244,-42.9698219376,-420.02484375,-50.5695547479,-231.0875189724,-456.2973391836,-386.8411569375
1659020400,-23.7254312604,-21.0412119996,-188.4250997184,-1231.6878904071,-22.19169375,-31.3900361244,-42.6350880759,-420.34455698790003,-48.5627312271,-232.5837297756,-458.4337912479,-389.77609769910003
1659024000,-24.0129767424,-21.0412119996,-188.7541122351,-1229.28745671,-21.9040876656,-31.6773264384,-41.9655812799,-417.1011473916,-46.93781639189999,-234.0796683996,-459.1609601151,-391.56404336639997
1659027600,-23.7254312604,-21.0412119996,-188.7541122351,-1224.0765550524,-21.9040876656,-31.3900361244,-41.9655812799,-410.1987366975,-45.5994205191,-233.7057092604,-458.4337912479,-391.93075148160005
1659031200,-24.0129767424,-21.0412119996,-189.4590951996,-1220.4507832959,-21.9040876656,-31.3900361244,-41.6308083456,-402.5121110319,-44.3086271424,-232.9577399484,-456.2973391836,-390.5096627775
1659034800,-24.9234743079,-21.0412119996,-191.8555899375,-1220.0432616399,-21.9040876656,-31.6773264384,-41.34384975,-394.13064293760004,-43.3045427751,-231.8356583964,-453.0233377596,-388.3087634079
1659038400,-24.9234743079,-21.0412119996,-190.8218926839,-1209.6016572879,-21.9040876656,-32.0124863775,-41.0090526279,-388.3087634079,-41.9655812799,-229.9651822524,-449.0199092316,-384.63923689589996
1659042000,-24.6359591271,-21.0412119996,-189.4590951996,-1199.9603719911,-21.9040876656,-32.9221405596,-41.0090526279,-378.81036975,-41.0090526279,-228.4217192775,-445.7883699975,-381.3811072956
1659045600,-24.6359591271,-21.0412119996,-188.7541122351,-1193.5382660316,-21.9040876656,-33.20937984,-40.6742424816,-371.8744055271,-40.3394193111,-226.9247514759,-442.1455935975,-378.0757202076
1659049200,-24.6359591271,-21.0412119996,-188.0490694656,-1185.8804568758999,-21.9040876656,-33.5444802399,-40.3394193111,-364.8863869239,-39.3827099151,-225.0531589719,-438.5466825456,-374.0339314236
1659052800,-24.6359591271,-21.0412119996,-187.0148985564,-1180.2232788591,-21.9040876656,-33.5444802399,-39.6697338975,-358.3065261936,-38.7129500775,-223.5555787671,-434.9005251696,-370.7714424375
1659056400,-24.3005126556,-21.0412119996,-185.980599,-1174.5610389471,-21.9040876656,-33.5444802399,-39.3827099151,-351.7212301191,-38.0431381431,-221.6832207591,-431.2526666736,-367.0937930775
1659060000,-24.3005126556,-21.0412119996,-184.6170075711,-1171.7280207804,-21.9040876656,-33.5444802399,-39.3827099151,-345.82208933190003,-37.4211232704,-220.55960181990002,-427.6487370519,-364.1504487831
1659063600,-24.0129767424,-21.0412119996,-183.20616051509998,-1170.9066195324,-21.9040876656,-33.8316987879,-39.0478365084,-340.70290247639997,-36.7512108636,-219.20169133439998,-424.3626980775,-360.5157567984
1659067200,-24.0129767424,-21.0412119996,-181.8421143024,-1171.3173334464,-21.9040876656,-33.8316987879,-38.7129500775,-335.9035755804,-36.08124636,-217.89039324,-420.7099275975,-357.56997990239995
1659070800,-24.0129767424,-21.0412119996,-181.1364854439,-1171.3173334464,-21.9040876656,-33.8316987879,-38.7129500775,-331.8865456431,-35.4590898159,-217.23466604759997,-417.83217354839996,-354.99153203040004
1659074400,-24.0129767424,-21.0412119996,-180.80717151,-1174.5610389471,-21.9040876656,-33.8316987879,-38.378050622399996,-328.1909494671,-35.12406384,-216.2509775775,-415.6388909436,-352.8268341975
1659078000,-24.3005126556,-21.3288467904,-180.43079678040002,-1182.6425468784,-22.19169375,-34.166775,-38.378050622399996,-325.9727752239,-34.789024839899994,-215.59512014310002,-413.07928722839995,-351.3526614039
1659081600,-24.3005126556,-21.6164720124,-179.7721000704,-1187.8879472496,-22.19169375,-34.4539728156,-38.7129500775,-325.2332477199,-34.4539728156,-215.59512014310002,-410.88467775,-350.6154729399
1659085200,-24.3005126556,-21.3288467904,-179.0662957839,-1194.3158120319001,-22.19169375,-34.789024839899994,-38.378050622399996,-328.1909494671,-33.8316987879,-216.2509775775,-409.83287701589995,-352.0897818231
1659088800,-24.3005126556,-21.6164720124,-180.1014549375,-1204.3743228111,-22.4792902656,-35.12406384,-38.7129500775,-335.1649624284,-33.5444802399,-218.5460683356,-409.46700032309997,-354.99153203040004
1659092400,-22.19169375,-21.3288467904,-181.1364854439,-1215.2324987775,-22.19169375,-32.2997559591,-38.378050622399996,-345.4532484375,-33.5444802399,-223.1811411879,-411.61628228760003,-360.14759422559996
1659096000,-22.4792902656,-21.3288467904,-182.8769284476,-1226.0718677991001,-22.19169375,-32.0124863775,-38.378050622399996,-356.0966831856,-33.20937984,-230.33931150360002,-417.1011473916,-366.3580590711
1659099600,-22.4792902656,-21.3288467904,-183.9116139456,-1234.8599249559,-22.19169375,-32.0124863775,-38.378050622399996,-365.2543304775,-32.9221405596,-235.94920892759998,-422.1712399239,-372.9312681564
1659103200,-23.3899494375,-21.3288467904,-184.9461707964,-1240.8742119375,-22.19169375,-31.6773264384,-38.0431381431,-369.66832624709997,-32.5870159719,-240.1074107775,-426.5535438279,-378.4430534844
1659106800,-24.0129767424,-21.0412119996,-185.6514767079,-1241.6865068775,-22.19169375,-31.6773264384,-38.0431381431,-366.3580590711,-32.2997559591,-234.0796683996,-429.1087565271,-382.4367044511
1659110400,-23.7254312604,-21.0412119996,-185.2753209975,-1234.8599249559,-21.9040876656,-31.6773264384,-37.4211232704,-354.99153203040004,-30.4802203359,-222.0577263831,-428.0137674375,-383.5380472239
1659114000,-23.7254312604,-21.0412119996,-185.6514767079,-1227.25246656,-22.19169375,-31.6773264384,-37.4211232704,-345.4532484375,-30.145000857600003,-212.64311699040002,-427.28368965510003,-383.1709499775
1659117600,-23.7254312604,-21.0412119996,-185.6514767079,-1217.2306377756,-21.9040876656,-31.6773264384,-37.0861735791,-328.1909494671,-29.5224158439,-204.4375729479,-424.3626980775,-381.01391010839995
1659121200,-23.7254312604,-21.0412119996,-185.2753209975,-1205.5998700551,-21.9040876656,-31.6773264384,-37.0861735791,-316.7700620736,-29.235053763899998,-196.6934614464,-421.07528119589995,-377.7083699196
1659124800,-23.7254312604,-21.0412119996,-184.9461707964,-1194.3158120319001,-21.9040876656,-31.6773264384,-37.0861735791,-305.7036450975,-28.9476821151,-190.4929620336,-417.1011473916,-373.29883959
1659128400,-23.7254312604,-20.75356764,-184.2408050799,-1184.2412160999002,-21.9040876656,-31.3900361244,-36.7512108636,-295.0396191975,-28.6124030976,-185.2753209975,-413.81068763160005,-370.4037540519
1659132000,-23.7254312604,-21.0412119996,-183.5824097871,-1175.3819670711,-21.9040876656,-31.3900361244,-36.7512108636,-285.05835804,-28.325010716399998,-180.1014549375,-410.1987366975,-365.62225701989996
1659135600,-23.7254312604,-21.0412119996,-182.5006472796,-1167.2911909596,-21.9040876656,-31.3900361244,-36.4162351239,-275.4368832999,-28.325010716399998,-176.2895520156,-406.1733445839,-361.25203091040004
1659139200,-23.7254312604,-21.0412119996,-181.4657863536,-1161.2060555196,-21.9040876656,-31.3900361244,-36.08124636,-266.8748999511,-27.9897075111,-172.14624889560002,-402.5121110319,-357.9382615536
1659142800,-23.7254312604,-20.75356764,-180.43079678040002,-1156.3502220144,-21.9040876656,-31.3900361244,-36.08124636,-259.0961792124,-27.7022943975,-168.6605144304,-399.2613414336,-354.6231142896
1659146400,-23.7254312604,-20.75356764,-179.0662957839,-1153.5090791391,-21.9040876656,-31.0548519975,-35.7941027676,-251.68320306389998,-27.7022943975,-165.8803048959,-395.9634180096,-350.6154729399
1659150000,-23.7254312604,-20.75356764,-178.0310079831,-1151.07869244,-21.6164720124,-31.3900361244,-35.4590898159,-244.96376559509997,-27.3669670044,-163.4763273564,-392.2974425856,-346.9285099479
1659153600,-23.3899494375,-20.75356764,-176.99559153509998,-1149.8837564271,-21.9040876656,-31.6773264384,-35.4590898159,-239.3600240991,-27.0795331584,-161.02450119,-389.04246457589994,-343.6087887975
1659157200,-23.7254312604,-20.75356764,-176.6190445671,-1150.2958285791,-21.9040876656,-31.6773264384,-35.12406384,-234.45361052759998,-27.0795331584,-158.9493176796,-385.7402734671,-341.07196239
1659160800,-23.7254312604,-20.75356764,-175.96004643990003,-1151.902656,-21.9040876656,-32.9221405596,-35.12406384,-229.59103599,-26.792089743600002,-157.2038786991,-383.1709499775,-338.11900676759996
1659164400,-23.7254312604,-21.0412119996,-175.25391920639998,-1155.9385405884,-21.9040876656,-33.5444802399,-35.12406384,-225.80184700709998,-27.0795331584,-155.83557756,-380.2794647004,-335.9035755804
1659168000,-24.0129767424,-21.0412119996,-175.25391920639998,-1162.0287113436,-22.19169375,-34.166775,-34.4539728156,-222.0577263831,-26.792089743600002,-154.41985839,-377.7083699196,-334.4262812316
1659171600,-24.0129767424,-21.3288467904,-174.9243726975,-1167.2911909596,-22.19169375,-34.4539728156,-34.4539728156,-222.4322149959,-26.792089743600002,-153.7591075776,-375.8713633116,-334.79563033560004
1659175200,-24.0129767424,-21.3288467904,-175.25391920639998,-1176.16175031,-22.19169375,-34.789024839899994,-34.4539728156,-225.80184700709998,-26.792089743600002,-153.7591075776,-374.7689552124,-336.64212068759997
1659178800,-21.3288467904,-21.3288467904,-176.2895520156,-1185.4706865519,-22.19169375,-34.166775,-34.4539728156,-232.2097025916,-26.792089743600002,-154.7974068924,-375.13644159,-340.3338255516
1659182400,-21.0412119996,-21.3288467904,-177.32505617759998,-1193.5382660316,-22.19169375,-32.9221405596,-34.789024839899994,-239.7337259439,-26.4567269991,-157.2038786991,-377.3410026204,-344.34662368709996
1659186000,-21.6164720124,-21.0412119996,-177.32505617759998,-1199.9603719911,-22.19169375,-32.5870159719,-34.4539728156,-246.8775,-23.7254312604,-159.9869737584,-379.9122164796,-349.5095626599
1659189600,-23.1023832231,-21.0412119996,-178.0310079831,-1204.7828651391,-22.19169375,-32.5870159719,-34.789024839899994,-252.4294670031,-23.7254312604,-160.6943927799,-382.06955617110003,-353.8862277744
1659193200,-23.3899494375,-21.0412119996,-179.0662957839,-1208.0094151104,-22.19169375,-32.5870159719,-34.789024839899994,-256.1597660271,-23.7254312604,-155.1277478775,-384.27219068309995,-357.56997990239995
1659196800,-23.3899494375,-21.0412119996,-179.39567856,-1207.6010827644,-22.19169375,-32.5870159719,-34.789024839899994,-259.0961792124,-23.7254312604,-148.8962678799,-385.0062660975,-359.77941464160006
1659200400,-23.3899494375,-21.0412119996,-179.7721000704,-1206.7843383324,-21.9040876656,-32.9221405596,-35.12406384,-259.46898159,-23.3899494375,-142.9909757424,-384.63923689589996,-360.88390236
1659204000,-23.3899494375,-21.0412119996,-179.7721000704,-1202.37208119,-21.9040876656,-33.5444802399,-35.12406384,-257.97767001240004,-23.3899494375,-137.74359487590002,-383.5380472239,-360.14759422559996
1659207600,-23.1023832231,-20.75356764,-179.39567856,-1195.1341778439,-21.6164720124,-33.8316987879,-35.12406384,-255.0408549375,-23.3899494375,-133.24999238040002,-381.7482874716,-358.3065261936
1659211200,-23.1023832231,-20.75356764,-178.7368999836,-1187.0686405056,-21.6164720124,-34.166775,-35.12406384,-251.68320306389998,-23.1023832231,-129.4167103671,-379.1776690044,-355.72831647839996
1659214800,-23.1023832231,-20.75356764,-178.0310079831,-1179.8131417311,-21.6164720124,-34.4539728156,-35.12406384,-248.3241732831,-23.1023832231,-125.9131752759,-376.6062169884,-352.4583165159
1659218400,-23.1023832231,-20.465913711600003,-177.32505617759998,-1173.3705043164,-21.6164720124,-34.4539728156,-34.789024839899994,-244.96376559509997,-23.1023832231,-122.7871727391,-374.0339314236,-348.7722040839
1659222000,-23.1023832231,-20.75356764,-176.99559153509998,-1168.4828664039,-21.6164720124,-34.4539728156,-35.12406384,-242.3491625439,-23.1023832231,-119.9917357884,-372.2420258679,-345.82208933190003
1659225600,-23.1023832231,-20.75356764,-176.2895520156,-1165.2771624375,-21.6164720124,-34.4539728156,-35.12406384,-239.7337259439,-23.1023832231,-117.52719375,-369.66832624709997,-342.1790400636
1659229200,-23.1023832231,-20.75356764,-175.5834526911,-1163.2213734375,-21.6164720124,-34.4539728156,-35.12406384,-237.81832417560003,-23.1023832231,-115.4412506556,-367.4616345639,-339.22649271
1659232800,-23.1023832231,-20.75356764,-174.9243726975,-1163.2213734375,-21.6164720124,-34.4539728156,-35.12406384,-235.94920892759998,-23.1023832231,-113.0228090775,-365.9901665511,-336.2728566396
1659236400,-23.1023832231,-20.75356764,-174.21815775,-1165.2771624375,-21.6164720124,-34.4539728156,-35.12406384,-234.45361052759998,-23.1023832231,-111.26782070040001,-363.4144425975,-333.7337058111
1659240000,-23.1023832231,-20.75356764,-173.5118829975,-1168.8937371399002,-21.6164720124,-34.789024839899994,-35.12406384,-233.7057092604,-22.766877212399997,-109.51246844309999,-361.6201424496,-331.5170625759
1659243600,-23.1023832231,-20.75356764,-173.1822676464,-1172.1386815344001,-21.6164720124,-34.789024839899994,-35.12406384,-233.33173311,-22.766877212399997,-107.75675230559999,-359.77941464160006,-329.2998069375
1659247200,-23.1023832231,-20.75356764,-172.80554844,-1178.21335296,-21.6164720124,-34.789024839899994,-35.12406384,-233.33173311,-23.1023832231,-106.3803960975,-357.9382615536,-327.4516260975
1659250800,-23.3899494375,-21.0412119996,-173.1822676464,-1186.6589472636,-21.6164720124,-35.12406384,-35.4590898159,-234.45361052759998,-23.1023832231,-105.33611468790001,-356.8333655664,-327.0819388959
1659254400,-23.7254312604,-21.0412119996,-173.1822676464,-1195.1341778439,-21.9040876656,-35.4590898159,-35.4590898159,-238.2388164975,-23.1023832231,-104.2917046311,-356.0966831856,-327.0819388959
1659258000,-23.7254312604,-21.3288467904,-173.5118829975,-1205.1913808871,-22.19169375,-35.7941027676,-35.4590898159,-243.8433234975,-23.3899494375,-103.57953310559999,-356.46503288160005,-329.6693920719
1659261600,-24.0129767424,-21.6164720124,-174.54773216790002,-1216.0481427975,-22.19169375,-36.08124636,-35.7941027676,-253.5487353279,-23.3899494375,-103.57953310559999,-357.20168124,-332.6254607439
1659265200,-23.1023832231,-21.3288467904,-175.5834526911,-1227.65951775,-22.19169375,-32.0124863775,-36.08124636,-266.8748999511,-23.3899494375,-104.6240308764,-360.88390236,-338.85734774040003
1659268800,-23.1023832231,-21.3288467904,-177.6545077959,-1240.4680245975,-22.19169375,-32.0124863775,-36.4162351239,-280.5976410096,-23.3899494375,-106.3803960975,-367.8294590391,-346.5597200871
1659272400,-23.1023832231,-21.3288467904,-179.0662957839,-1250.4525175191,-22.19169375,-32.0124863775,-36.7512108636,-292.0697374311,-23.3899494375,-109.1803338396,-374.7689552124,-354.6231142896
1659276000,-24.3005126556,-21.3288467904,-180.80717151,-1258.0315945884,-22.19169375,-32.0124863775,-37.0861735791,-301.30064319,-23.3899494375,-111.5998734375,-381.3811072956,-361.6201424496
1659279600,-24.3005126556,-21.3288467904,-182.1713873031,-1262.4450575079,-22.19169375,-31.6773264384,-37.7560599375,-308.6685255711,-23.3899494375,-114.0661431759,-386.8411569375,-367.4616345639
1659283200,-24.3005126556,-21.3288467904,-183.9116139456,-1264.4280623856,-22.19169375,-32.0124863775,-38.0431381431,-314.9189999616,-23.3899494375,-116.4842865264,-391.2431598111,-372.2420258679
1659286800,-24.3005126556,-21.0412119996,-184.9461707964,-1264.4280623856,-22.19169375,-32.9221405596,-38.378050622399996,-317.8804952064,-23.3899494375,-118.61736829590001,-394.863804,-375.8713633116
1659290400,-24.3005126556,-21.0412119996,-185.6514767079,-1260.0565109184,-21.9040876656,-34.166775,-38.7129500775,-319.36083456,-23.3899494375,-120.3234461751,-397.0628789184,-377.7083699196
1659294000,-24.3005126556,-21.3288467904,-185.980599,-1253.65550751,-21.6164720124,-35.4590898159,-39.3827099151,-318.2506055616,-23.1023832231,-121.3658797431,-397.79576780160005,-377.7083699196
1659297600,-24.0129767424,-21.0412119996,-185.980599,-1244.8940324796001,-21.6164720124,-36.4162351239,-39.6697338975,-315.28924640639997,-23.1023832231,-122.0765561436,-396.69640896,-376.23879865559996
1659301200,-24.0129767424,-21.0412119996,-185.980599,-1237.6646075136,-21.9040876656,-37.0861735791,-39.6697338975,-311.2619028975,-23.1023832231,-122.40818466389999,-395.9634180096,-374.4014518236
1659304800,-24.0129767424,-21.0412119996,-185.6514767079,-1230.8742877311,-21.9040876656,-37.4211232704,-40.0045831164,-308.6685255711,-23.1023832231,-122.7871727391,-394.49723197440005,-371.8744055271
1659308400,-24.0129767424,-21.0412119996,-185.2753209975,-1224.8503235031,-21.9040876656,-38.0431381431,-40.6742424816,-306.0743146959,-23.1023832231,-122.7871727391,-393.03077376,-369.3005868279
1659312000,-24.3005126556,-20.75356764,-184.9461707964,-1220.0432616399,-21.9040876656,-38.378050622399996,-41.0090526279,-303.8963871996,-23.1023832231,-122.40818466389999,-391.2431598111,-366.3580590711
1659315600,-24.3005126556,-21.0412119996,-184.6170075711,-1218.8612985276,-21.9040876656,-38.7129500775,-41.34384975,-302.0423693916,-23.1023832231,-122.40818466389999,-389.77609769910003,-364.1504487831
1659319200,-24.3005126556,-21.0412119996,-184.2408050799,-1217.6383428336,-21.9040876656,-39.6697338975,-41.6308083456,-300.5588489436,-23.1023832231,-122.0765561436,-388.6756224975,-361.9882369776
1659322800,-24.3005126556,-20.75356764,-183.9116139456,-1218.4536732096,-21.6164720124,-39.0478365084,-42.30034119,-299.81698665240003,-23.1023832231,-122.0765561436,-387.20808407190003,-359.4112180464
1659326400,-24.3005126556,-20.75356764,-183.20616051509998,-1222.4472551964,-21.6164720124,-39.6697338975,-42.6350880759,-299.0750563164,-23.1023832231,-121.7449145991,-385.7402734671,-357.56997990239995
1659330000,-24.3005126556,-20.75356764,-182.8769284476,-1225.6647129471,-21.6164720124,-40.3394193111,-42.9698219376,-299.0750563164,-23.1023832231,-121.7449145991,-384.27219068309995,-355.72831647839996
1659333600,-24.3005126556,-21.3288467904,-182.8769284476,-1232.0946518751,-21.9040876656,-40.6742424816,-43.6392505884,-299.81698665240003,-23.1023832231,-121.7449145991,-383.5380472239,-354.2546795376
1659337200,-24.6359591271,-21.0412119996,-182.8769284476,-1240.8742119375,-21.9040876656,-41.34384975,-44.3086271424,-302.4132069756,-23.3899494375,-122.0765561436,-383.1709499775,-354.2546795376
1659340800,-24.9234743079,-21.3288467904,-183.5824097871,-1250.4525175191,-22.19169375,-42.9698219376,-44.9301444375,-307.92740751990004,-23.3899494375,-123.1187733504,-382.80383571989995,-354.6231142896
1659344400,-25.2588965916,-21.6164720124,-184.9461707964,-1262.4450575079,-22.19169375,-43.9739453775,-45.93403902359999,-317.51036784,-23.7254312604,-124.5397713084,-385.0062660975,-357.9382615536
1659348000,-25.54639104,-21.6164720124,-186.30970826790002,-1275.5453300031,-22.4792902656,-45.2647889904,-46.93781639189999,-329.6693920719,-23.7254312604,-127.28635570559999,-389.77609769910003,-364.1504487831
1659351600,-23.7254312604,-21.6164720124,-188.7541122351,-1290.2699306736,-22.19169375,-33.20937984,-47.893685859899996,-343.9777147479,-23.7254312604,-131.8304616384,-397.4293318656,-372.2420258679
1659355200,-23.7254312604,-21.6164720124,-191.52670022040002,-1305.6826023111,-22.4792902656,-32.9221405596,-48.89723437439999,-358.67477382239997,-24.0129767424,-138.1218939975,-409.10110661910005,-382.06955617110003
1659358800,-23.7254312604,-21.3288467904,-193.9225985031,-1318.3295997756,-22.4792902656,-32.9221405596,-50.5695547479,-371.1391138119,-24.0129767424,-144.3613735119,-419.6594412444,-391.56404336639997
1659362400,-24.3005126556,-21.3288467904,-195.98909247990002,-1326.6261234471,-22.4792902656,-32.5870159719,-51.85940799,-380.2794647004,-24.0129767424,-150.2657021244,-427.6487370519,-399.2613414336
1659366000,-24.6359591271,-21.6164720124,-198.1020199644,-1331.39046684,-22.4792902656,-32.5870159719,-53.483391993599994,-388.3087634079,-24.3005126556,-155.83557756,-435.6298927344,-405.4412339631
1659369600,-24.6359591271,-21.3288467904,-200.1674730684,-1333.0711011324001,-22.19169375,-32.2997559591,-55.107068732399995,-394.863804,-24.3005126556,-161.40175199639998,-440.6880067239,-410.88467775
1659373200,-24.6359591271,-21.6164720124,-201.81007965990003,-1332.6709926383999,-22.19169375,-32.0124863775,-56.7304382064,-398.89497354239995,-24.3005126556,-165.8803048959,-445.4241689079,-415.2732843036
1659376800,-25.8338759196,-21.3288467904,-207.72076737990002,-1338.9496287951,-21.9040876656,-32.0124863775,-58.4012328879,-399.9940261824,-24.3005126556,-170.4035636031,-448.6558591164,-417.83217354839996
1659380400,-25.54639104,-21.3288467904,-207.72076737990002,-1328.98874736,-21.9040876656,-31.3900361244,-60.5011985271,-398.16218672639997,-24.6359591271,-173.8885703079,-449.74795842839995,-417.83217354839996
1659384000,-25.2588965916,-21.0412119996,-206.0793329664,-1315.2004190976,-21.9040876656,-31.6773264384,-62.2666804224,-394.13064293760004,-24.6359591271,-175.96004643990003,-448.6558591164,-416.37005319
1659387600,-24.9234743079,-21.0412119996,-204.765951,-1302.9489955791,-21.6164720124,-33.8316987879,-64.0317984375,-390.5096627775,-24.6359591271,-177.6545077959,-447.9732192999,-414.1763623164
1659391200,-24.6359591271,-21.0412119996,-203.78077777110002,-1291.8411501975,-21.6164720124,-34.4539728156,-66.13038404310001,-386.8411569375,-24.6359591271,-178.7368999836,-446.51672114309997,-411.9820590396
1659394800,-24.6359591271,-21.0412119996,-203.1239304975,-1283.4969786864,-21.6164720124,-35.4590898159,-68.2284550599,-383.5380472239,-24.6359591271,-179.39567856,-444.33146357190003,-408.3692681775
1659398400,-24.6359591271,-21.0412119996,-202.4670311271,-1275.9492155151,-21.6164720124,-36.4162351239,-70.3260114879,-381.01391010839995,-24.9234743079,-180.1014549375,-442.5099477879,-405.07515313589994
1659402000,-24.6359591271,-21.0412119996,-202.1385619056,-1273.1618644464,-21.6164720124,-36.7512108636,-72.4230533271,-378.81036975,-24.9234743079,-180.80717151,-440.6880067239,-402.1458941151
1659405600,-24.6359591271,-21.0412119996,-201.48158439,-1271.9899913678998,-21.6164720124,-37.4211232704,-74.5195805775,-376.6062169884,-25.2588965916,-180.80717151,-438.91120472160003,-399.6276923136
1659409200,-24.6359591271,-21.3288467904,-201.1530760959,-1271.5858453719,-21.6164720124,-37.7560599375,-76.66322391,-375.5039109564,-25.54639104,-181.1364854439,-437.81758716,-397.0628789184
1659412800,-24.9234743079,-21.0412119996,-200.49602043509998,-1272.7577955324,-21.6164720124,-38.378050622399996,-78.7587102876,-374.4014518236,-25.54639104,-181.1364854439,-435.6298927344,-394.49723197440005
1659416400,-24.9234743079,-21.0412119996,-199.7919744156,-1275.1818103164,-21.6164720124,-38.7129500775,-81.1869255975,-373.66639401239996,-25.8338759196,-181.1364854439,-434.17108956,-391.93075148160005
1659420000,-24.9234743079,-21.3288467904,-199.46339913990002,-1279.54262559,-21.9040876656,-39.3827099151,-83.6620411599,-374.0339314236,-26.1692628519,-181.4657863536,-433.80634623839995,-391.56404336639997
1659423600,-25.2588965916,-21.6164720124,-199.7919744156,-1286.2796346639,-22.19169375,-40.3394193111,-85.7558083431,-373.66639401239996,-26.4567269991,-182.1713873031,-431.9823744624,-388.6756224975
1659427200,-25.8338759196,-21.9040876656,-200.1674730684,-1294.2173548956,-22.19169375,-41.6308083456,-88.89549426389999,-375.5039109564,-26.792089743600002,-182.5006472796,-431.9823744624,-387.9418873071
1659430800,-26.1692628519,-21.9040876656,-200.49602043509998,-1303.31086704,-22.19169375,-42.6350880759,-92.74716272639999,-381.7482874716,-27.0795331584,-183.5824097871,-431.9823744624,-389.40928964309995
1659434400,-26.792089743600002,-22.4792902656,-202.1385619056,-1314.3978045936,-22.4792902656,-45.2647889904,-96.9297149376,-391.93075148160005,-27.3669670044,-185.980599,-434.9005251696,-393.03077376
1659438000,-23.3899494375,-22.4792902656,-203.1239304975,-1325.8250240031,-22.19169375,-31.0548519975,-102.2024985759,-401.4134092479,-27.9897075111,-190.4929620336,-440.3235674775,-399.2613414336
1659441600,-23.3899494375,-22.766877212399997,-204.4375729479,-1333.9112424519,-22.19169375,-31.0548519975,-108.4685729751,-409.83287701589995,-28.325010716399998,-196.6934614464,-446.88087119910006,-405.07515313589994
1659445200,-23.3899494375,-23.1023832231,-205.7510070111,-1340.2285470350998,-22.19169375,-31.0548519975,-115.8205513116,-415.2732843036,-28.9476821151,-202.1385619056,-451.93169775,-410.51884996440003
1659448800,-24.3005126556,-23.1023832231,-207.0642326871,-1343.1450605916,-22.19169375,-31.0548519975,-123.4977295296,-419.6594412444,-29.235053763899998,-206.4076458975,-455.56990239,-414.1763623164
1659452400,-24.6359591271,-22.4792902656,-207.72076737990002,-1345.2616418319,-22.19169375,-31.0548519975,-132.20902656,-423.99749757989997,-29.5224158439,-210.0182285424,-458.79738418709996,-417.83217354839996
1659456000,-24.6359591271,-22.19169375,-208.7054717376,-1345.6609130559,-22.19169375,-30.767540951100003,-141.5730876444,-427.28368965510003,-30.145000857600003,-213.6272352591,-460.9785845871,-420.7099275975
1659459600,-24.9234743079,-22.19169375,-209.3618761884,-1345.2616418319,-22.19169375,-30.4802203359,-151.3044341616,-429.1087565271,-30.767540951100003,-216.9067829151,-464.24923693110003,-422.90179401989997
1659463200,-24.6359591271,-22.19169375,-209.6900588775,-1340.6281531671,-22.19169375,-30.4802203359,-161.7318324975,-428.74377717510004,-31.0548519975,-219.5294832975,-465.3391481775,-423.99749757989997
1659466800,-24.6359591271,-22.19169375,-209.6900588775,-1334.7512665536,-21.9040876656,-30.145000857600003,-171.7694829084,-426.9186252471,-31.6773264384,-220.9341584775,-464.6125576911,-422.5365254775
1659470400,-24.6359591271,-22.19169375,-209.3618761884,-1326.6261234471,-21.9040876656,-30.145000857600003,-180.80717151,-424.3626980775,-32.2997559591,-222.0577263831,-463.88589915989996,-420.34455698790003
1659474000,-24.6359591271,-22.19169375,-208.7054717376,-1318.7306598336,-21.9040876656,-30.145000857600003,-189.4590951996,-421.4406177831,-32.5870159719,-222.0577263831,-462.43237796309995,-417.83217354839996
1659477600,-24.6359591271,-21.9040876656,-208.7054717376,-1312.4309497239,-21.9040876656,-30.767540951100003,-197.39777060790001,-418.5631316604,-33.5444802399,-222.8066865975,-461.3420584479,-414.90766065239995
1659481200,-24.6359591271,-21.9040876656,-208.04901519,-1306.8882145551,-22.19169375,-31.0548519975,-203.4523606464,-415.2732843036,-34.166775,-222.4322149959,-459.5245190319,-411.61628228760003
1659484800,-24.9234743079,-22.19169375,-207.72076737990002,-1302.5468909271,-22.19169375,-32.9221405596,-209.3618761884,-413.07928722839995,-35.12406384,-222.8066865975,-458.0701812975,-408.7351959039
1659488400,-24.9234743079,-21.9040876656,-207.0642326871,-1300.5359689671,-22.19169375,-35.12406384,-214.61123631,-410.88467775,-36.08124636,-222.8066865975,-457.02470793239996,-406.1733445839
1659492000,-24.9234743079,-21.9040876656,-206.4076458975,-1299.3693297564,-22.19169375,-36.08124636,-219.20169133439998,-409.46700032309997,-36.7512108636,-222.4322149959,-455.56990239,-402.8783109375
1659495600,-24.9234743079,-21.9040876656,-205.4226680316,-1299.3693297564,-22.19169375,-36.4162351239,-222.4322149959,-408.3692681775,-37.7560599375,-222.4322149959,-454.4786196156,-400.7266428864
1659499200,-24.9234743079,-21.9040876656,-205.09431602790002,-1301.7426018831,-22.19169375,-37.0861735791,-227.2990189431,-406.9053871599,-39.0478365084,-222.4322149959,-453.3871837404,-398.16218672639997
1659502800,-24.9234743079,-21.9040876656,-204.765951,-1304.51694975,-22.19169375,-37.4211232704,-230.7134237436,-406.1733445839,-40.0045831164,-221.6832207591,-451.93169775,-395.9634180096
1659506400,-25.2588965916,-22.19169375,-204.765951,-1309.2585541104,-22.19169375,-38.378050622399996,-233.7057092604,-406.5393743775,-41.34384975,-222.0577263831,-451.56778372440004,-394.49723197440005
1659510000,-25.2588965916,-22.4792902656,-204.765951,-1317.1663752975,-22.19169375,-39.6697338975,-237.07072911,-407.6373616911,-42.30034119,-222.8066865975,-451.56778372440004,-393.3974138304
1659513600,-25.54639104,-22.766877212399997,-205.4226680316,-1325.8250240031,-22.4792902656,-41.0090526279,-240.8547294111,-410.88467775,-43.9739453775,-223.5555787671,-451.56778372440004,-393.3974138304
1659517200,-25.8338759196,-22.766877212399997,-206.0793329664,-1337.2706355519,-22.4792902656,-42.6350880759,-248.3241732831,-417.83217354839996,-44.9301444375,-224.6787894375,-452.65947476760005,-395.9634180096
1659520800,-26.1692628519,-23.7254312604,-207.72076737990002,-1349.4526640064,-22.766877212399997,-44.3086271424,-258.3505234236,-429.1087565271,-46.60323696,-228.0475028439,-456.66103206360003,-401.4134092479
1659524400,-23.7254312604,-22.4792902656,-209.3618761884,-1362.4063027239,-22.766877212399997,-31.3900361244,-269.8540017879,-440.6880067239,-48.2282150556,-234.0796683996,-463.5225443775,-409.10110661910005
1659528000,-23.3899494375,-22.4792902656,-211.9869730236,-1374.9345753024,-22.766877212399997,-31.0548519975,-284.3150753136,-453.0233377596,-50.2351167216,-243.4698087759,-472.5559431936,-418.5631316604
1659531600,-23.7254312604,-22.4792902656,-213.9552486336,-1383.6688376304,-22.766877212399997,-31.0548519975,-300.5588489436,-462.7957837791,-52.5281444976,-252.8025734559,-481.03502145510004,-426.9186252471
1659535200,-24.6359591271,-22.4792902656,-215.92305537240003,-1389.93368871,-22.766877212399997,-31.0548519975,-316.02968826240004,-469.65187776,-54.7728074631,-260.2145353116,-487.4221907904,-433.4415859056
1659538800,-24.6359591271,-22.4792902656,-217.5625361559,-1394.4893762775,-22.766877212399997,-31.0548519975,-332.2560116991,-475.09610736,-57.3987951516,-266.1765154716,-492.67292127839994,-438.91120472160003
1659542400,-24.9234743079,-22.4792902656,-218.87388634709998,-1396.9836104304002,-22.4792902656,-30.767540951100003,-347.2972827975,-479.1314389071,-60.167147505600006,-271.7153875719,-496.78952537910004,-443.23860513510004
1659546000,-24.9234743079,-22.4792902656,-220.1850281511,-1396.9836104304002,-22.4792902656,-30.767540951100003,-360.88390236,-481.03502145510004,-63.650182131899996,-276.1344743664,-499.7738171775,-446.51672114309997
1659549600,-24.9234743079,-22.4792902656,-220.9341584775,-1392.8259674198998,-22.4792902656,-30.767540951100003,-364.51842635910003,-481.3975554471,-67.1794838751,-279.85395001439997,-501.26552889239997,-447.2450042439
1659553200,-24.9234743079,-22.4792902656,-220.9341584775,-1386.1676432775,-22.19169375,-36.08124636,-381.3811072956,-477.9981314496,-71.04096992640001,-281.7130499184,-501.6723091239,-446.51672114309997
1659556800,-24.6359591271,-22.4792902656,-220.55960181990002,-1376.6030189435999,-21.9040876656,-37.0861735791,-387.9418873071,-475.09610736,-75.23418816,-282.8283057264,-500.1806763516,-444.33146357190003
1659560400,-24.9234743079,-22.4792902656,-220.55960181990002,-1369.0913301975,-21.9040876656,-38.0431381431,-393.03077376,-472.1929945536,-79.80626050560001,-283.20002364,-499.4121465039,-441.7812223959
1659564000,-24.9234743079,-22.4792902656,-220.1850281511,-1360.3356071775,-22.19169375,-38.7129500775,-395.59689701760004,-468.92569128959997,-84.3282956271,-283.20002364,-497.5583173056,-438.91120472160003
1659567600,-24.9234743079,-22.4792902656,-219.8572622364,-1354.0394687799,-22.19169375,-39.6697338975,-396.3299219904,-466.06567061910005,-89.6088977724,-283.20002364,-496.0206566364,-435.994551
1659571200,-24.9234743079,-22.19169375,-218.87388634709998,-1349.0137419591001,-22.19169375,-40.3394193111,-396.69640896,-463.1591725839,-94.5059865975,-282.8283057264,-494.52792743910004,-432.7120142064
1659574800,-24.9234743079,-22.19169375,-218.5460683356,-1346.4992961084,-22.19169375,-41.0090526279,-396.3299219904,-460.9785845871,-99.4002555504,-283.20002364,-494.16601010309995,-430.52289084
1659578400,-25.2588965916,-22.4792902656,-218.2182372999,-1346.9384023551,-22.19169375,-42.30034119,-395.59689701760004,-459.5245190319,-104.2917046311,-282.4565708016,-492.2656649991,-427.28368965510003
1659582000,-25.2588965916,-22.4792902656,-217.5625361559,-1348.17571056,-22.19169375,-43.3045427751,-394.863804,-458.0701812975,-109.1803338396,-282.0848188656,-490.77220777559995,-423.99749757989997
1659585600,-25.2588965916,-22.4792902656,-217.23466604759997,-1351.9658706975,-21.9040876656,-44.5954868604,-394.49723197440005,-457.7520086364,-114.0661431759,-281.7130499184,-489.64060808309995,-422.5365254775
1659589200,-25.54639104,-22.766877212399997,-216.9067829151,-1356.55074975,-22.19169375,-45.93403902359999,-393.7640368896,-457.38836679,-118.61736829590001,-281.7130499184,-488.5541160879,-420.02484375
1659592800,-25.54639104,-22.766877212399997,-216.9067829151,-1364.0782628991,-22.19169375,-47.606936183100004,-394.13064293760004,-458.0701812975,-123.1187733504,-282.0848188656,-487.78442496,-418.5631316604
1659596400,-25.8338759196,-23.3899494375,-217.23466604759997,-1373.26566279,-22.19169375,-49.2317244975,-396.3299219904,-460.9785845871,-127.28635570559999,-282.4565708016,-487.4221907904,-418.19766111
1659600000,-26.4567269991,-24.0129767424,-217.89039324,-1383.6688376304,-22.19169375,-51.5250201999,-401.7796601871,-466.06567061910005,-131.1206065599,-283.57172454240003,-488.5541160879,-419.2940217276
1659603600,-27.0795331584,-24.3005126556,-219.5294832975,-1396.5481852479002,-22.4792902656,-54.4862874375,-413.07928722839995,-477.27272749440004,-134.9531135004,-286.4982746871,-491.1795429975,-423.2670455511
1659607200,-28.325010716399998,-24.6359591271,-221.6832207591,-1409.8339326879002,-22.766877212399997,-57.7329540879,-429.1087565271,-492.67292127839994,-138.78387652709998,-290.9557510839,-496.0206566364,-429.4737188679
1659610800,-22.766877212399997,-22.766877212399997,-225.0531589719,-1424.31116016,-22.766877212399997,-34.4539728156,-445.0599508071,-506.9133272799,-143.6525749884,-299.81698665240003,-503.9318072439,-438.5466825456
1659614400,-22.766877212399997,-22.766877212399997,-227.6732693991,-1437.9665108679,-22.766877212399997,-34.789024839899994,-464.24923693110003,-521.1273592763999,-149.9351694975,-311.2619028975,-512.5118398599,-448.3373013111
1659618000,-22.4792902656,-22.766877212399997,-229.9651822524,-1449.9033985191,-22.766877212399997,-34.789024839899994,-472.91887482239997,-531.57924111,-156.5433474375,-322.3206967296,-521.8937156775,-456.2973391836
1659621600,-24.0129767424,-22.766877212399997,-231.0875189724,-1457.3123039999998,-22.766877212399997,-34.789024839899994,-470.01494547839997,-538.6891437504,-162.76914356790002,-330.0389601951,-528.9676118783999,-462.7957837791
1659625200,-24.9234743079,-22.766877212399997,-233.33173311,-1464.2813215164,-22.766877212399997,-34.789024839899994,-463.88589915989996,-544.2644200944001,-169.03742076,-336.64212068759997,-534.5500074096,-467.1553266975
1659628800,-24.9234743079,-23.1023832231,-234.82753564439997,-1467.5671464923998,-22.766877212399997,-34.4539728156,-459.5245190319,-547.9939749375,-175.5834526911,-341.8100311836,-539.0489623296,-470.7410298816
1659632400,-24.9234743079,-23.1023832231,-236.3230659996,-1467.1760751984,-22.766877212399997,-34.4539728156,-455.2061584764,-549.4763012544,-182.8769284476,-346.5597200871,-543.5003094375,-473.6446870464
1659636000,-24.9234743079,-23.1023832231,-237.07072911,-1461.8157219975,-22.4792902656,-34.4539728156,-453.0233377596,-549.8356094976,-189.4590951996,-349.5095626599,-544.623975,-474.73327779839997
1659639600,-24.9234743079,-22.766877212399997,-237.4445351484,-1454.8437237998999,-22.4792902656,-34.166775,-448.6558591164,-547.9939749375,-195.98909247990002,-351.7212301191,-545.7474744375,-474.3704312256
1659643200,-24.9234743079,-22.766877212399997,-236.3230659996,-1444.9588533975,-22.19169375,-33.5444802399,-437.81758716,-540.5330341551,-201.48158439,-352.0897818231,-544.623975,-472.5559431936
1659646800,-24.9234743079,-22.766877212399997,-235.94920892759998,-1435.0571036319,-22.19169375,-32.9221405596,-427.28368965510003,-531.9393956604,-206.7359458044,-352.8268341975,-544.623975,-470.01494547839997
1659650400,-24.9234743079,-22.766877212399997,-235.57533484439998,-1426.3989185798998,-22.4792902656,-32.5870159719,-412.71356151,-522.6149221191,-210.3463851831,-351.7212301191,-542.7810762951,-466.79212501589996
1659654000,-24.9234743079,-23.1023832231,-234.82753564439997,-1418.1222865239001,-22.4792902656,-32.5870159719,-405.4412339631,-518.8729246464,-213.9552486336,-350.9840756775,-540.8927655519,-463.1591725839
1659657600,-24.9234743079,-22.766877212399997,-233.7057092604,-1411.0976769375,-22.4792902656,-32.5870159719,-399.2613414336,-515.8960534524,-216.9067829151,-350.6154729399,-539.0489623296,-459.8880609375
1659661200,-24.9234743079,-23.1023832231,-232.9577399484,-1408.6094208923998,-22.4792902656,-35.4590898159,-393.3974138304,-513.6400771824,-219.5294832975,-350.2468531911,-538.2843275151,-457.38836679
1659664800,-25.2588965916,-23.1023832231,-231.8356583964,-1406.94999744,-22.4792902656,-37.0861735791,-387.9418873071,-511.7896807911,-222.0577263831,-349.8782164311,-536.7998171196,-454.4786196156
1659668400,-25.2588965916,-23.1023832231,-231.0875189724,-1407.34514079,-22.4792902656,-38.0431381431,-383.5380472239,-510.2548668399,-224.3044028919,-349.5095626599,-535.6749953271,-451.56778372440004
1659672000,-25.54639104,-23.1023832231,-229.9651822524,-1408.1748553071,-22.4792902656,-38.7129500775,-379.5449512476,-509.1712837599,-226.1761655079,-348.7722040839,-534.1899761904,-449.0199092316
1659675600,-25.54639104,-23.3899494375,-229.2168727164,-1412.7559282119,-22.766877212399997,-39.6697338975,-376.23879865559996,-508.7649006336,-228.0475028439,-348.7722040839,-533.4698627184,-447.2450042439
1659679200,-26.1692628519,-23.3899494375,-229.2168727164,-1419.3842445975,-22.766877212399997,-40.0045831164,-373.66639401239996,-509.5324951311,-229.59103599,-348.7722040839,-532.7046675975,-445.4241689079
1659682800,-26.792089743600002,-24.3005126556,-228.79591869990003,-1427.2259370876002,-23.1023832231,-41.0090526279,-373.66639401239996,-511.0223122236,-231.0875189724,-349.1408918775,-532.3445491959,-445.0599508071
1659686400,-27.3669670044,-24.6359591271,-229.59103599,-1437.1410161916,-23.3899494375,-41.6308083456,-379.1776690044,-515.8960534524,-233.33173311,-350.9840756775,-533.4698627184,-446.15255407589996
1659690000,-28.6124030976,-25.2588965916,-231.46159719,-1449.9033985191,-24.0129767424,-43.3045427751,-390.5096627775,-525.2287250631,-234.0796683996,-353.1492732144,-535.3150172679,-449.0199092316
1659693600,-29.235053763899998,-25.54639104,-234.0796683996,-1463.4595722279,-24.6359591271,-45.5994205191,-408.3692681775,-537.1597250076001,-236.3230659996,-357.56997990239995,-540.1732857471,-455.56990239
1659697200,-23.7254312604,-22.766877212399997,-236.6969060604,-1478.2331250975,-23.3899494375,-32.5870159719,-428.3787808119,-547.6345795119,-241.2283632111,-366.72593457989996,-546.87080775,-464.6125576911
1659700800,-23.3899494375,-22.766877212399997,-239.7337259439,-1492.1510527344,-23.3899494375,-32.2997559591,-451.20385268760003,-555.4475913351,-248.6974668591,-378.81036975,-555.0885488919,-473.28178944
1659704400,-23.3899494375,-22.766877212399997,-241.9755797775,-1503.1599609375,-23.3899494375,-32.2997559591,-463.5225443775,-562.8938833479,-257.23191215639997,-389.77609769910003,-564.0146782704,-480.6271503804
1659708000,-23.1023832231,-22.766877212399997,-243.4698087759,-1510.9272699375,-23.3899494375,-32.2997559591,-454.8423975516,-568.0929688959,-263.9412832476,-397.0628789184,-571.0494728991,-486.2900993679
1659711600,-24.6359591271,-22.766877212399997,-244.59030190709998,-1513.3329768999,-23.1023832231,-32.2997559591,-433.4415859056,-569.9297212416001,-269.8540017879,-401.4134092479,-575.5268182791,-490.04800311
1659715200,-24.9234743079,-23.1023832231,-245.3372122719,-1514.1475814844,-23.1023832231,-32.0124863775,-410.51884996440003,-570.2880598464,-274.6927202439,-404.3429404479,-578.8383426399,-493.03490878559995
1659718800,-24.9234743079,-23.1023832231,-246.45745023509997,-1510.5003442416,-23.1023832231,-31.6773264384,-389.77609769910003,-567.6897195516001,-279.482079,-405.80729777910005,-581.0750351199,-494.93506410839996
1659722400,-24.9234743079,-23.1023832231,-246.45745023509997,-1504.7919777519,-22.766877212399997,-31.3900361244,-372.2420258679,-564.37329756,-283.9434084336,-405.80729777910005,-582.5508881436,-495.6588094716
1659726000,-24.6359591271,-23.1023832231,-245.7106419375,-1494.6036410775,-22.4792902656,-31.0548519975,-357.20168124,-559.5305018304,-286.86982461509996,-404.3429404479,-581.0750351199,-493.39687928160004
1659729600,-24.6359591271,-22.766877212399997,-244.96376559509997,-1483.1492030391,-22.19169375,-31.0548519975,-343.9777147479,-553.9664316144,-289.0987669479,-401.7796601871,-579.1962580911,-491.5416006759
1659733200,-24.6359591271,-22.766877212399997,-243.8433234975,-1472.1016310364002,-22.19169375,-30.767540951100003,-332.6254607439,-548.3533533519001,-290.9557510839,-399.2613414336,-577.36176159,-488.14664211839994
1659736800,-24.9234743079,-22.766877212399997,-242.3491625439,-1460.9936210556,-22.19169375,-30.767540951100003,-322.3206967296,-542.4214342071,-291.6984256599,-396.3299219904,-574.4077311216,-484.3878117975
1659740400,-24.9234743079,-22.766877212399997,-241.2283632111,-1451.1584840679002,-22.19169375,-30.767540951100003,-313.1138049375,-537.5646010479,-292.4410321911,-393.7640368896,-573.2884778391,-481.3975554471
1659744000,-24.9234743079,-22.766877212399997,-240.1074107775,-1443.3097339479,-22.19169375,-30.4802203359,-305.00859375,-532.7046675975,-292.4410321911,-390.87641979989996,-571.0494728991,-477.6354379776
1659747600,-24.9234743079,-22.766877212399997,-238.6125693759,-1437.1410161916,-22.19169375,-30.4802203359,-297.21993278040003,-527.8416338559,-292.8123099399,-388.3087634079,-568.8098034591001,-474.3704312256
1659751200,-25.2588965916,-22.766877212399997,-237.07072911,-1433.8378653084,-22.19169375,-30.4802203359,-290.9557510839,-524.1021955056,-292.8123099399,-386.1072516351,-567.3312576156,-471.46704624
1659754800,-25.2588965916,-22.766877212399997,-235.94920892759998,-1433.8378653084,-22.19169375,-30.4802203359,-285.05835804,-520.3609260591,-292.4410321911,-383.9051274591,-565.0904851056,-468.56257253760003
1659758400,-25.2588965916,-22.766877212399997,-234.45361052759998,-1433.8378653084,-22.19169375,-30.4802203359,-280.22580401759996,-517.3846337775,-292.0697374311,-381.7482874716,-563.2525557975,-465.70241790389997
1659762000,-25.54639104,-23.1023832231,-233.33173311,-1436.7085674375,-22.19169375,-30.767540951100003,-275.8089393111,-515.1290960775,-291.6984256599,-379.9122164796,-561.7729223004,-463.5225443775
1659765600,-25.54639104,-23.1023832231,-232.5837297756,-1441.6601456270998,-22.4792902656,-31.0548519975,-272.0876136951,-513.2790593136,-291.3270968775,-378.4430534844,-560.2929993471,-462.06895513589996
1659769200,-26.1692628519,-23.7254312604,-232.2097025916,-1449.9033985191,-22.766877212399997,-32.5870159719,-270.2263129671,-513.6400771824,-291.3270968775,-378.0757202076,-559.1716528896,-460.9785845871
1659772800,-26.4567269991,-24.6359591271,-232.9577399484,-1460.9936210556,-23.1023832231,-37.0861735791,-273.2041899975,-517.0237923999,-292.0697374311,-378.81036975,-559.5305018304,-461.7055152975
1659776400,-27.3669670044,-24.6359591271,-234.0796683996,-1472.9221467471,-23.7254312604,-38.7129500775,-280.22580401759996,-525.9946702716001,-293.1835706775,-382.06955617110003,-560.6517951279,-464.6125576911
1659780000,-28.6124030976,-25.2588965916,-237.07072911,-1488.4507104039,-24.0129767424,-40.0045831164,-292.0697374311,-539.0489623296,-295.73552775,-387.9418873071,-566.2109544231,-471.1040465664
1659783600,-23.3899494375,-22.766877212399997,-239.7337259439,-1504.7919777519,-23.1023832231,-32.2997559591,-307.5568229775,-552.4400855196,-301.30064319,-399.6276923136,-574.0048190775,-480.2645802396
1659787200,-23.7254312604,-22.766877212399997,-243.4698087759,-1519.0327474176001,-23.1023832231,-32.0124863775,-328.5605856351,-563.6112112359,-309.4095755775,-407.6373616911,-582.5508881436,-467.836284
1659790800,-23.3899494375,-22.766877212399997,-245.7106419375,-1529.6027972079,-23.1023832231,-32.0124863775,-342.91700679,-569.2129929984,-317.8804952064,-335.9035755804,-589.9704858624,-497.1513193839
1659794400,-24.9234743079,-22.766877212399997,-247.2041904879,-1536.0975969375,-23.1023832231,-32.0124863775,-344.7155156151,-575.12396604,-324.86345845110003,-254.2948291551,-596.2669214439,-502.3954208199
1659798000,-25.2588965916,-23.1023832231,-248.3241732831,-1539.76693104,-23.1023832231,-31.6773264384,-333.3643077999,-576.2429468775,-330.7780454079,-203.1239304975,-599.6139363264,-506.5519925775
1659801600,-25.2588965916,-23.1023832231,-249.4440029775,-1538.1449949564,-22.766877212399997,-31.6773264384,-321.5808332544,-577.0037589564,-335.9035755804,-171.7694829084,-602.2012693116001,-509.1712837599
1659805200,-25.2588965916,-23.1023832231,-250.19047105110002,-1534.4746003119,-22.766877212399997,-31.3900361244,-311.6323173279,-574.7658570864,-340.3338255516,-151.3044341616,-604.7877081455999,-511.7896807911
1659808800,-25.2588965916,-23.1023832231,-249.8172455199,-1527.9779250975,-22.766877212399997,-31.0548519975,-303.15483111,-571.0494728991,-342.91700679,-137.0815304799,-604.0297066359,-511.0223122236
1659812400,-25.2588965916,-23.1023832231,-249.07074342389998,-1517.4048276444,-22.4792902656,-31.0548519975,-296.10665452439997,-566.2109544231,-344.34662368709996,-126.6234689244,-603.27162831,-509.5324951311
1659816000,-25.2588965916,-23.1023832231,-248.3241732831,-1505.6078103323998,-22.4792902656,-30.767540951100003,-290.21300846310004,-561.0105738975,-343.9777147479,-118.61736829590001,-601.7998452159,-506.9133272799
1659819600,-25.2588965916,-23.1023832231,-246.8775,-1493.3580137559,-22.4792902656,-30.767540951100003,-284.3150753136,-555.0885488919,-342.1790400636,-112.31137116,-599.9708630016,-503.5251466224
1659823200,-25.2588965916,-23.1023832231,-245.3372122719,-1480.6916915484,-22.19169375,-30.4802203359,-279.482079,-549.4763012544,-339.9647316156,-107.09233239,-597.7397921916,-500.1806763516
1659826800,-25.2588965916,-23.1023832231,-243.8433234975,-1469.2093556736,-22.19169375,-30.4802203359,-274.3206131991,-543.9048481776,-337.38059775,-103.24716592709999,-595.5080568816,-496.0206566364
1659830400,-25.2588965916,-23.1023832231,-242.3491625439,-1460.6021032176002,-22.19169375,-30.4802203359,-270.2263129671,-538.2843275151,-334.79563033560004,-100.1127779319,-594.0347475638999,-492.67292127839994
1659834000,-25.54639104,-23.1023832231,-240.8547294111,-1453.1974175775,-22.19169375,-30.767540951100003,-266.5024356711,-534.1899761904,-331.5170625759,-97.30984488959999,-592.9184114364,-490.04800311
1659837600,-25.54639104,-23.1023832231,-239.3600240991,-1447.4316534384,-22.19169375,-31.0548519975,-263.19606975,-529.7331820431,-329.2998069375,-94.8386961264,-591.8019091839,-486.2900993679
1659841200,-25.54639104,-23.1023832231,-237.81832417560003,-1443.7416915036,-22.19169375,-32.0124863775,-259.8417669564,-525.5891794359,-325.6030199775,-92.4143713311,-589.2109841775,-482.8928283504
1659844800,-25.8338759196,-23.1023832231,-236.3230659996,-1442.0922259824,-22.19169375,-35.4590898159,-256.8590077116,-521.8937156775,-323.06049216,-90.6551147376,-587.0214024636,-479.53938892440004
1659848400,-25.8338759196,-23.3899494375,-235.20144375,-1442.4849983964002,-22.19169375,-37.4211232704,-254.6678505519,-518.8729246464,-320.1009021696,-88.89549426389999,-586.2616025511,-478.4061412719
1659852000,-25.8338759196,-23.3899494375,-234.0796683996,-1445.3906881535997,-22.19169375,-38.378050622399996,-252.8025734559,-516.6178255164,-317.51036784,-87.8490609375,-585.1441101936,-476.5472554944
1659855600,-26.1692628519,-23.3899494375,-232.9577399484,-1449.07960071,-22.19169375,-38.7129500775,-252.4294670031,-515.8960534524,-315.65947584,-87.13550991,-584.4288279024,-475.09610736
1659859200,-26.4567269991,-24.3005126556,-232.5837297756,-1454.4125936796,-22.19169375,-39.3827099151,-254.2948291551,-517.0237923999,-313.1138049375,-86.0888602224,-583.3110630999,-474.73327779839997
1659862800,-27.0795331584,-24.6359591271,-232.5837297756,-1459.7798292399,-22.4792902656,-40.3394193111,-258.3505234236,-519.2336788416001,-313.1138049375,-86.0888602224,-584.0264517111,-476.5472554944
1659866400,-27.9897075111,-24.9234743079,-233.33173311,-1469.2093556736,-22.766877212399997,-41.0090526279,-264.68642870040003,-523.3811294064,-313.4841343119,-86.80249896389999,-585.1441101936,-477.9981314496
1659870000,-23.7254312604,-24.6359591271,-234.82753564439997,-1479.4820525919001,-22.4792902656,-32.0124863775,-271.7153875719,-528.9676118783999,-317.51036784,-88.1820309504,-588.4960888911,-482.8928283504
1659873600,-23.3899494375,-22.766877212399997,-236.3230659996,-1489.6974094311,-22.4792902656,-31.6773264384,-291.3270968775,-540.8927655519,-325.2332477199,-91.36837072709999,-595.1509175664,-489.64060808309995
1659877200,-24.9234743079,-22.766877212399997,-238.2388164975,-1498.68894396,-22.4792902656,-31.6773264384,-304.6378752444,-546.87080775,-331.8865456431,-93.79299375,-600.3277726655999,-494.93506410839996
1659880800,-25.2588965916,-23.1023832231,-238.98630524310002,-1504.4034448479001,-22.4792902656,-31.6773264384,-312.74338200150004,-550.5990745263,-337.0113677244,-96.59708727510001,-603.27162831,-499.4121465039
1659884400,-25.2588965916,-23.1023832231,-240.1074107775,-1508.4817146624,-22.4792902656,-31.3900361244,-320.8409017344,-552.8441482119,-341.07196239,-99.4002555504,-605.1443881583999,-502.3954208199
1659888000,-25.54639104,-23.3899494375,-240.48107859990003,-1508.4817146624,-22.4792902656,-31.3900361244,-326.7122346831,-553.5624287271,-343.9777147479,-102.2024985759,-605.8576971504,-503.9318072439
1659891600,-25.54639104,-23.3899494375,-240.48107859990003,-1505.6078103323998,-22.19169375,-31.3900361244,-330.0389601951,-552.0809006076,-345.82208933190003,-104.6240308764,-606.9721062279,-503.9318072439
1659895200,-25.54639104,-23.3899494375,-240.48107859990003,-1501.9550763456,-22.4792902656,-31.0548519975,-331.8865456431,-550.2398109375,-346.5597200871,-106.7126404764,-606.6155133975,-503.16365244
1659898800,-25.54639104,-23.3899494375,-239.3600240991,-1493.7862288476001,-22.19169375,-31.0548519975,-331.5170625759,-546.5113591644,-346.1909132151,-108.80073548760001,-604.7877081455999,-500.90392839
1659902400,-25.54639104,-23.3899494375,-238.2388164975,-1486.8140048775,-22.19169375,-30.767540951100003,-330.4085113071,-543.5003094375,-344.34662368709996,-110.22414159360001,-602.2012693116001,-497.92007516160004
1659906000,-25.54639104,-23.3899494375,-237.07072911,-1479.8722866159,-22.19169375,-30.767540951100003,-328.5605856351,-540.5330341551,-343.28596463639997,-111.5998734375,-601.4430057231,-494.93506410839996
1659909600,-25.8338759196,-23.3899494375,-235.94920892759998,-1474.13316999,-22.19169375,-30.767540951100003,-325.9727752239,-537.1597250076001,-341.07196239,-112.6433829639,-598.8554106591,-491.1795429975
1659913200,-25.8338759196,-23.3899494375,-234.82753564439997,-1470.0302844375,-22.19169375,-30.767540951100003,-323.06049216,-534.1899761904,-339.5956206684,-114.0661431759,-598.0968081756,-488.9162970975
1659916800,-25.8338759196,-23.3899494375,-233.7057092604,-1467.1760751984,-22.19169375,-33.20937984,-320.1009021696,-531.57924111,-337.74981076439997,-115.10934862709999,-596.6240075991001,-486.6523866975
1659920400,-25.8338759196,-23.3899494375,-232.5837297756,-1466.7458660751001,-22.19169375,-36.7512108636,-317.1402234624,-529.32788976,-335.53427751,-115.8205513116,-595.1509175664,-483.25527516
1659924000,-26.1692628519,-23.3899494375,-231.8356583964,-1467.9972942159,-22.19169375,-38.0431381431,-314.2247420271,-527.1209207391,-334.0569151164,-116.8635404016,-594.0347475638999,-481.03502145510004
1659927600,-26.1692628519,-23.3899494375,-230.7134237436,-1470.0302844375,-22.19169375,-38.7129500775,-311.2619028975,-525.5891794359,-332.2560116991,-117.52719375,-592.2038691324,-478.7687985951
1659931200,-26.1692628519,-23.7254312604,-229.59103599,-1473.3128273151,-21.9040876656,-39.0478365084,-308.6685255711,-524.1021955056,-330.4085113071,-118.61736829590001,-591.4445933775,-476.5472554944
1659934800,-26.4567269991,-23.7254312604,-228.79591869990003,-1478.2331250975,-21.9040876656,-39.6697338975,-306.8156028591,-524.1021955056,-328.9302047919,-119.6600123775,-589.9704858624,-474.3704312256
1659938400,-26.792089743600002,-23.7254312604,-228.79591869990003,-1484.7869579439002,-22.19169375,-40.3394193111,-305.7036450975,-524.1021955056,-327.8212962879,-120.3234461751,-589.6130828736,-473.28178944
1659942000,-27.0795331584,-24.6359591271,-228.79591869990003,-1493.7862288476001,-22.19169375,-41.0090526279,-305.7036450975,-525.2287250631,-327.4516260975,-121.3658797431,-589.6130828736,-472.91887482239997
1659945600,-27.7022943975,-24.9234743079,-229.2168727164,-1501.9550763456,-22.19169375,-41.6308083456,-309.0390590799,-528.6073169855999,-327.0819388959,-123.1187733504,-590.32787184,-473.6446870464
1659949200,-28.6124030976,-25.54639104,-230.33931150360002,-1512.9450287559,-22.19169375,-42.9698219376,-317.8804952064,-535.3150172679,-328.9302047919,-125.58168444,-591.8019091839,-476.1844939776
1659952800,-29.85765951,-25.8338759196,-232.5837297756,-1523.1004955391,-22.4792902656,-44.5954868604,-331.1475624975,-545.3879726919,-333.3643077999,-129.03801998790001,-595.5080568816,-482.1678836976
1659956400,-23.7254312604,-23.1023832231,-235.57533484439998,-1535.2861572335999,-22.4792902656,-32.0124863775,-349.5095626599,-557.6912211951001,-342.1790400636,-134.9531135004,-602.2012693116001,-468.56257253760003
1659960000,-23.3899494375,-23.1023832231,-237.4445351484,-1542.1989560319,-22.19169375,-31.6773264384,-370.4037540519,-565.8524223159,-351.3526614039,-142.2820615959,-609.5568955071,-498.64353984
1659963600,-23.3899494375,-23.1023832231,-238.98630524310002,-1545.4014419676,-22.19169375,-31.6773264384,-383.1709499775,-568.8098034591001,-358.3065261936,-148.5184535775,-614.3675687751,-503.9318072439
1659967200,-24.9234743079,-23.1023832231,-240.1074107775,-1546.6356462684,-22.19169375,-31.6773264384,-387.9418873071,-569.5713656255999,-363.4144425975,-153.05110246709998,-616.5936824151,-506.1454707036
1659970800,-25.54639104,-23.3899494375,-241.2283632111,-1547.0212792944,-22.19169375,-31.6773264384,-388.3087634079,-570.2880598464,-367.0937930775,-157.91153295360002,-618.0625534044,-507.27464497110003
1659974400,-25.54639104,-23.7254312604,-241.9755797775,-1547.0212792944,-22.19169375,-31.3900361244,-387.20808407190003,-569.9297212416001,-370.03604865510005,-162.0618999744,-618.8191315551001,-508.04238858239995
1659978000,-25.8338759196,-23.7254312604,-242.3491625439,-1544.5913474775,-22.19169375,-31.3900361244,-385.7402734671,-568.4513946830999,-372.2420258679,-166.2573366831,-619.1751417519,-508.04238858239995
1659981600,-25.8338759196,-24.0129767424,-242.7227282991,-1542.5848947279,-22.4792902656,-31.0548519975,-383.5380472239,-566.61428271,-373.66639401239996,-170.0738254524,-619.1751417519,-507.27464497110003
1659985200,-25.8338759196,-23.7254312604,-241.9755797775,-1536.9089194235999,-22.19169375,-30.767540951100003,-381.01391010839995,-564.7318998384,-374.7689552124,-173.1822676464,-618.41859975,-506.1454707036
1659988800,-25.8338759196,-23.7254312604,-241.2283632111,-1532.8511348151,-22.19169375,-30.767540951100003,-377.7083699196,-562.4903565083999,-374.4014518236,-175.96004643990003,-617.3504096796,-504.2932652775
1659992400,-26.1692628519,-23.7254312604,-240.48107859990003,-1526.7783139776002,-22.19169375,-30.4802203359,-373.66639401239996,-559.88933376,-374.4014518236,-178.0310079831,-616.5936824151,-502.0338734775
1659996000,-26.1692628519,-23.7254312604,-239.3600240991,-1522.2871803504001,-22.19169375,-30.4802203359,-369.3005868279,-557.2874168604,-373.66639401239996,-180.1014549375,-615.1245219696,-499.4121465039
1659999600,-26.1692628519,-23.7254312604,-238.2388164975,-1518.6451899996,-22.19169375,-30.4802203359,-365.2543304775,-555.0885488919,-372.56367971160006,-181.4657863536,-613.6550720679,-496.78952537910004
1660003200,-26.4567269991,-23.3899494375,-237.07072911,-1517.4048276444,-22.19169375,-30.4802203359,-360.5157567984,-553.2032969751,-371.1391138119,-182.5006472796,-612.1407906351001,-493.39687928160004
1660006800,-26.4567269991,-23.7254312604,-236.3230659996,-1516.5906919310999,-22.19169375,-30.4802203359,-355.72831647839996,-549.4763012544,-55.107068732399995,-183.9116139456,-610.6707530496,-490.41011394839995
1660010400,-26.792089743600002,-23.7254312604,-235.57533484439998,-1517.0171585904002,-22.19169375,-30.4802203359,-350.9840756775,-544.623975,-49.2317244975,-184.6170075711,-608.8439394975,-487.78442496
1660014000,-26.4567269991,-23.3899494375,-234.0796683996,-1518.6451899996,-22.19169375,-30.145000857600003,-346.9285099479,-541.6571382876,-50.90397975,-185.2753209975,-608.4874359759,-485.52018231
1660017600,-26.792089743600002,-23.3899494375,-232.9577399484,-1519.8465314775,-22.19169375,-30.4802203359,-343.6087887975,-540.5330341551,-55.4413169775,-186.30970826790002,-607.3732528283999,-483.6630074871
1660021200,-26.792089743600002,-23.3899494375,-231.8356583964,-1521.8998462044,-22.19169375,-30.4802203359,-339.5956206684,-540.1732857471,-60.5011985271,-187.0148985564,-606.2589035559,-481.7600724279
1660024800,-26.792089743600002,-23.7254312604,-231.0875189724,-1526.7783139776002,-22.19169375,-30.4802203359,-335.9035755804,-539.8135203279,-47.606936183100004,-187.72002903990003,-605.8576971504,-479.90199308760003
1660028400,-26.792089743600002,-23.7254312604,-230.7134237436,-1530.8404802991001,-22.4792902656,-30.767540951100003,-335.1649624284,-539.8135203279,-49.2317244975,-188.7541122351,-605.8576971504,-479.53938892440004
1660032000,-26.792089743600002,-24.0129767424,-230.33931150360002,-1536.0975969375,-22.4792902656,-31.0548519975,-333.3643077999,-540.8927655519,-53.1490674639,-189.4590951996,-605.8576971504,-478.4061412719
1660035600,-27.0795331584,-24.9234743079,-230.33931150360002,-1543.3952794716001,-22.766877212399997,-32.9221405596,-334.0569151164,-543.9048481776,-57.7329540879,-190.8218926839,-606.2589035559,-479.1314389071
1660039200,-27.3669670044,-25.2588965916,-230.7134237436,-1551.0688212998998,-22.766877212399997,-38.0431381431,-339.9647316156,-548.7576337344,-63.650182131899996,-192.56030976,-607.3732528283999,-481.3975554471
1660042800,-24.0129767424,-23.1023832231,-231.0875189724,-1557.5387931830999,-22.19169375,-32.2997559591,-350.2468531911,-553.2032969751,-70.3260114879,-196.6934614464,-609.95790336,-485.52018231
1660046400,-23.7254312604,-22.766877212399997,-231.8356583964,-1560.7709658975,-22.4792902656,-32.2997559591,-365.62225701989996,-558.4090424079,-78.3777510396,-201.81007965990003,-614.3675687751,-490.77220777559995
1660050000,-24.9234743079,-23.1023832231,-232.5837297756,-1566.4227552624,-22.4792902656,-32.2997559591,-371.8744055271,-562.4903565083999,-87.5160779004,-182.8769284476,-618.0625534044,-494.93506410839996
1660053600,-25.54639104,-23.1023832231,-233.33173311,-1570.4562311319,-22.4792902656,-32.2997559591,-370.4037540519,-565.4938731975,-98.68767336389999,-162.43910400000001,-620.2875639744,-498.2818160064
1660057200,-25.8338759196,-23.7254312604,-234.0796683996,-1573.6809019071,-22.4792902656,-32.2997559591,-367.4616345639,-568.4513946830999,-111.9793463319,-148.1878521084,-621.7557069375,-502.0338734775
1660060800,-25.8338759196,-23.7254312604,-235.20144375,-1574.8704851904001,-22.4792902656,-32.2997559591,-365.9901665511,-570.6911704431,-128.3752708911,-138.78387652709998,-623.9796144375,-504.6547062999
1660064400,-26.1692628519,-24.0129767424,-235.57533484439998,-1576.4817711996,-22.19169375,-32.2997559591,-364.1504487831,-571.4077583439,-147.8572376151,-132.20902656,-625.4470293744,-506.5519925775
1660068000,-26.1692628519,-24.0129767424,-235.57533484439998,-1575.2925339879,-22.19169375,-34.166775,-362.3563144944,-571.4077583439,-171.4397987151,-127.6651247616,-625.4470293744,-506.9133272799
1660071600,-26.1692628519,-23.7254312604,-235.20144375,-1571.2625746524,-22.19169375,-37.4211232704,-359.4112180464,-570.2880598464,-198.1020199644,-124.16086191,-625.4470293744,-506.5519925775
1660075200,-26.1692628519,-23.7254312604,-234.0796683996,-1567.6523155056,-22.19169375,-39.0478365084,-354.99153203040004,-568.4513946830999,-225.80184700709998,-121.3658797431,-625.091319,-505.0161303111
1660078800,-26.1692628519,-23.7254312604,-233.33173311,-1564.42413936,-22.19169375,-39.3827099151,-350.2468531911,-566.61428271,-256.8590077116,-119.2808839599,-624.6911244951,-502.80214124639997
1660082400,-26.4567269991,-23.7254312604,-232.5837297756,-1562.0017764639001,-22.19169375,-40.0045831164,-345.0843905319,-564.37329756,-285.7551237975,-117.19537358790001,-623.9796144375,-500.90392839
1660086000,-26.4567269991,-23.3899494375,-231.46159719,-1559.5783586076002,-22.4792902656,-40.3394193111,-339.9647316156,-562.4903565083999,-312.3730951551,-116.1524254311,-622.5119100444,-497.92007516160004
1660089600,-26.4567269991,-23.3899494375,-230.33931150360002,-1559.5783586076002,-22.4792902656,-41.0090526279,-334.4262812316,-561.0105738975,-336.2728566396,-115.10934862709999,-621.3998200719001,-496.0206566364
1660093200,-26.4567269991,-23.3899494375,-229.2168727164,-1559.9630985456,-22.4792902656,-41.34384975,-329.6693920719,-559.5305018304,-356.46503288160005,-114.0661431759,-620.9994270144,-493.39687928160004
1660096800,-26.4567269991,-23.7254312604,-228.4217192775,-1563.1938646464002,-22.4792902656,-41.9655812799,-324.86345845110003,-558.4090424079,-374.0339314236,-113.35479297239999,-619.9316069376,-491.5416006759
1660100400,-26.4567269991,-23.7254312604,-227.6732693991,-1566.8454472959,-22.4792902656,-42.30034119,-320.4709104576,-558.0501403071,-389.04246457589994,-113.0228090775,-619.9316069376,-490.04800311
1660104000,-26.792089743600002,-23.7254312604,-226.5504669975,-1569.6497703936,-22.4792902656,-42.9698219376,-316.3998836736,-557.6912211951001,-401.4134092479,-112.6433829639,-619.5311349375,-489.64060808309995
1660107600,-26.792089743600002,-23.7254312604,-226.1761655079,-1574.8704851904001,-22.766877212399997,-43.6392505884,-313.1138049375,-557.6912211951001,-411.9820590396,-112.31137116,-618.41859975,-487.01465701589996
1660111200,-27.0795331584,-23.7254312604,-225.80184700709998,-1580.1246170031,-22.766877212399997,-44.3086271424,-310.1505575391,-558.0501403071,-421.4406177831,-112.31137116,-618.41859975,-485.9277950271
1660114800,-27.3669670044,-24.0129767424,-225.80184700709998,-1586.9437015239002,-23.1023832231,-44.9301444375,-307.92740751990004,-560.2929993471,-429.1087565271,-112.31137116,-618.8191315551001,-485.52018231
1660118400,-27.7022943975,-24.9234743079,-226.5504669975,-1596.2010837591001,-23.3899494375,-45.93403902359999,-309.0390590799,-563.2525557975,-436.3591922544,-113.0228090775,-619.5311349375,-486.6523866975
1660122000,-28.6124030976,-25.54639104,-227.2990189431,-1604.6033778351,-23.3899494375,-47.2723827996,-314.9189999616,-568.4513946830999,-443.6029082919,-114.7774335744,-621.7557069375,-489.27846109589996
1660125600,-29.235053763899998,-26.1692628519,-228.79591869990003,-1613.79294375,-23.7254312604,-48.89723437439999,-322.69060295040003,-573.6466569639,-451.93169775,-117.19537358790001,-623.9796144375,-493.8040757559
1660129200,-24.0129767424,-23.1023832231,-230.7134237436,-1620.9888979791,-22.4792902656,-32.5870159719,-341.8100311836,-582.1931321723999,-463.1591725839,-122.0765561436,-628.3809908796,-500.5423108764
1660132800,-24.0129767424,-23.1023832231,-232.9577399484,-1629.39117276,-22.4792902656,-32.2997559591,-361.6201424496,-588.09393039,-478.4061412719,-128.7066519516,-634.6451205975,-508.4036531136
1660136400,-25.2588965916,-23.1023832231,-234.45361052759998,-1634.5553508336,-22.4792902656,-32.2997559591,-366.72593457989996,-592.9184114364,-491.9036413431,-134.6219780391,-640.5489955584,-514.4071836711
1660140000,-25.8338759196,-23.3899494375,-235.94920892759998,-1640.1316910079001,-22.4792902656,-32.0124863775,-359.77941464160006,-596.2669214439,-503.9318072439,-140.5331510016,-644.5857799191,-519.2336788416001
1660143600,-26.1692628519,-23.3899494375,-237.81832417560003,-1642.8987595776,-22.4792902656,-32.0124863775,-350.9840756775,-598.0968081756,-513.6400771824,-145.7315477436,-648.2657627963999,-522.9754998231
1660147200,-26.1692628519,-23.7254312604,-239.3600240991,-1645.2856389710998,-22.4792902656,-31.6773264384,-343.6087887975,-599.6139363264,-522.6149221191,-151.6821230064,-650.1272250816,-525.9946702716001
1660150800,-26.4567269991,-24.0129767424,-240.48107859990003,-1644.9068396631,-22.4792902656,-31.6773264384,-339.22649271,-599.6139363264,-531.2190695484,-157.2038786991,-652.6970450364,-528.6073169855999
1660154400,-26.4567269991,-24.0129767424,-240.8547294111,-1642.8987595776,-22.4792902656,-31.3900361244,-335.9035755804,-597.7397921916,-537.9244727871,-162.43910400000001,-653.7601572636,-530.0934237759
1660158000,-26.4567269991,-23.7254312604,-240.8547294111,-1638.12183591,-22.4792902656,-31.0548519975,-332.2560116991,-594.0347475638999,-542.4214342071,-165.8803048959,-654.1587848775,-529.32788976
1660161600,-26.4567269991,-23.7254312604,-240.48107859990003,-1632.9610558236,-22.4792902656,-31.0548519975,-328.1909494671,-589.2109841775,-546.1069591719,-169.03742076,-654.1587848775,-528.2019648975
1660165200,-26.792089743600002,-23.7254312604,-239.7337259439,-1627.7953595004,-22.4792902656,-31.0548519975,-323.4303643584,-584.4288279024,-548.3533533519001,-171.1101014976,-653.05143279,-525.9946702716001
1660168800,-26.792089743600002,-24.0129767424,-238.98630524310002,-1622.5867095231,-22.766877212399997,-31.6773264384,-318.9907752384,-579.59889264,-549.8356094976,-173.1822676464,-652.2983384798999,-523.3811294064
1660172400,-26.792089743600002,-24.0129767424,-237.81832417560003,-1618.5913015295998,-23.1023832231,-32.0124863775,-314.5950203679,-575.5268182791,-550.9583381151,-174.54773216790002,-651.1907073024,-520.3609260591
1660176000,-27.0795331584,-23.7254312604,-237.4445351484,-1616.6115382895998,-23.1023832231,-34.166775,-310.1505575391,-571.0494728991,-551.36247975,-175.96004643990003,-650.83623024,-517.7454581439
1660179600,-27.0795331584,-23.7254312604,-236.3230659996,-1615.3928652144,-23.3899494375,-38.0431381431,-306.0743146959,-566.9727786684,-550.9583381151,-177.32505617759998,-650.1272250816,-515.1290960775
1660183200,-27.3669670044,-23.7254312604,-235.57533484439998,-1616.1926501199,-23.3899494375,-39.6697338975,-302.4132069756,-563.6112112359,-550.2398109375,-178.0310079831,-649.0192682991001,-512.5118398599
1660186800,-27.3669670044,-23.7254312604,-234.45361052759998,-1617.4111445775,-23.7254312604,-41.0090526279,-298.7040656316,-560.6517951279,-548.7576337344,-178.36043169240003,-647.9111453916,-509.5324951311
1660190400,-27.7022943975,-24.0129767424,-233.7057092604,-1619.8092601344001,-23.7254312604,-41.9655812799,-295.36438396439996,-558.0501403071,-547.9939749375,-179.39567856,-647.1575269239,-507.27464497110003
1660194000,-27.7022943975,-24.0129767424,-232.9577399484,-1623.3854394684,-23.7254312604,-42.9698219376,-292.8123099399,-556.5694893276,-547.2302393244,-180.43079678040002,-646.8028563591,-505.42271199
1660197600,-27.9897075111,-24.6359591271,-232.5837297756,-1627.7953595004,-24.0129767424,-44.3086271424,-290.21300846310004,-554.6846058096,-546.5113591644,-181.4657863536,-646.8028563591,-503.9318072439
1660201200,-28.6124030976,-24.9234743079,-232.5837297756,-1636.1491769723998,-24.3005126556,-45.5994205191,-289.4701977975,-555.0885488919,-546.87080775,-182.5006472796,-647.1575269239,-503.5251466224
1660204800,-29.5224158439,-25.54639104,-232.9577399484,-1643.6945032598999,-24.3005126556,-47.2723827996,-290.9557510839,-556.9284615996,-546.5113591644,-183.9116139456,-647.9111453916,-503.5251466224
1660208400,-30.4802203359,-25.8338759196,-233.7057092604,-1652.0616504444001,-24.6359591271,-48.89723437439999,-298.7040656316,-562.4903565083999,-547.9939749375,-186.6858171975,-648.62036319,-506.1454707036
1660212000,-31.6773264384,-26.792089743600002,-235.20144375,-1660.7557554624,-24.9234743079,-51.85940799,-310.5210230031,-571.4077583439,-550.2398109375,-191.15081031,-652.2983384798999,-511.3834364124
1660215600,-24.0129767424,-22.766877212399997,-237.81832417560003,-1669.88828559,-23.1023832231,-33.20937984,-328.1909494671,-582.1931321723999,-554.6846058096,-198.7592654064,-656.7272019398999,-518.8729246464
1660219200,-23.7254312604,-22.766877212399997,-240.8547294111,-1678.5911796591001,-22.766877212399997,-33.20937984,-351.3526614039,-592.2038691324,-562.4903565083999,-204.1091818716,-663.67515519,-526.7154897084
1660222800,-25.2588965916,-22.766877212399997,-242.7227282991,-1684.1220002544,-22.766877212399997,-32.9221405596,-368.19726650309997,-598.4984308239,-569.5713656255999,-181.8421143024,-668.4508353564,-533.4698627184
1660226400,-26.1692628519,-23.1023832231,-244.59030190709998,-1688.4448284159,-22.766877212399997,-32.9221405596,-377.3410026204,-602.5580726556,-576.2429468775,-160.3642713456,-672.1189271391,-537.9244727871
1660230000,-26.4567269991,-23.3899494375,-246.45745023509997,-1691.9756596119,-22.766877212399997,-32.5870159719,-383.1709499775,-605.50105116,-581.83535919,-146.1094875036,-675.7851878256,-541.6571382876
1660233600,-25.2588965916,-23.7254312604,-248.3241732831,-1693.1771088470998,-22.766877212399997,-32.2997559591,-388.6756224975,-607.72980951,-586.6191650198999,-136.3721179584,-678.3460662683999,-545.3879726919
1660237200,-26.1692628519,-23.7254312604,-249.4440029775,-1693.1771088470998,-22.766877212399997,-32.2997559591,-394.49723197440005,-609.2004260079,-591.4445933775,-130.0793775975,-680.90605056,-548.3533533519001
1660240800,-26.4567269991,-23.7254312604,-250.5636795711,-1691.6001509079001,-22.766877212399997,-32.2997559591,-397.79576780160005,-608.0863491804,-594.3919400391001,-125.58168444,-682.0092162975,-549.116976
1660244400,-26.4567269991,-23.7254312604,-250.19047105110002,-1686.07710576,-22.766877212399997,-32.0124863775,-398.52858864,-604.7877081455999,-595.9098182775,-121.7449145991,-682.3621942479,-548.7576337344
1660248000,-26.792089743600002,-23.3899494375,-249.8172455199,-1680.5483169399,-22.766877212399997,-32.2997559591,-396.69640896,-601.0861492191001,-596.2669214439,-118.94913264,-682.0092162975,-547.9939749375
1660251600,-27.0795331584,-23.3899494375,-249.4440029775,-1675.0137844476,-23.1023832231,-36.4162351239,-393.7640368896,-597.7397921916,-595.5080568816,-116.4842865264,-681.2590816704001,-545.3879726919
1660255200,-27.0795331584,-23.3899494375,-249.07074342389998,-1671.0570304191,-23.1023832231,-39.3827099151,-389.04246457589994,-593.6775380775,-594.0347475638999,-114.7774335744,-680.90605056,-543.1407013719
1660258800,-27.3669670044,-23.7254312604,-248.6974668591,-1668.6815713884,-23.3899494375,-40.3394193111,-384.63923689589996,-589.9704858624,-591.8019091839,-113.35479297239999,-680.90605056,-540.8927655519
1660262400,-27.7022943975,-24.0129767424,-247.5775350975,-1665.9277359375,-23.3899494375,-41.0090526279,-379.9122164796,-587.0214024636,-588.8535450398999,-112.31137116,-679.4496174159,-538.2843275151
1660266000,-27.7022943975,-24.0129767424,-247.2041904879,-1665.5126516316,-23.7254312604,-41.9655812799,-375.8713633116,-583.6687659111,-587.7364380924,-111.5998734375,-680.1558029679001,-536.07995031
1660269600,-27.9897075111,-24.0129767424,-246.45745023509997,-1666.3050573975,-23.7254312604,-43.3045427751,-372.2420258679,-581.0750351199,-584.7864775536,-111.26782070040001,-679.8027186975,-534.5500074096
1660273200,-28.325010716399998,-24.0129767424,-245.3372122719,-1669.4735082831,-24.0129767424,-44.5954868604,-369.3005868279,-579.1962580911,-581.0750351199,-110.55623526389999,-677.9928948155999,-532.3445491959
1660276800,-28.6124030976,-24.6359591271,-244.59030190709998,-1671.8486156604001,-24.3005126556,-46.268644503900006,-366.72593457989996,-577.36176159,-578.8383426399,-110.22414159360001,-677.5955565975,-530.8588809756
1660280400,-29.235053763899998,-24.9234743079,-244.2168212079,-1676.2190697084,-24.3005126556,-47.893685859899996,-364.51842635910003,-576.6009856599,-575.8848910839,-110.22414159360001,-676.8891243831,-529.32788976
1660284000,-30.145000857600003,-25.2588965916,-243.8433234975,-1681.7523518775,-24.6359591271,-48.89723437439999,-363.4144425975,-576.2429468775,-574.0048190775,-110.55623526389999,-677.2423489959,-528.6073169855999
1660287600,-30.767540951100003,-25.54639104,-243.4698087759,-1687.2798903744,-24.9234743079,-49.566201596400006,-363.4144425975,-576.6009856599,-572.1690584316001,-110.9357549391,-676.8891243831,-527.8416338559
1660291200,-32.0124863775,-25.8338759196,-243.8433234975,-1692.7641413724,-25.2588965916,-50.90397975,-365.62225701989996,-578.8383426399,-571.8108091355999,-112.31137116,-677.5955565975,-528.6073169855999
1660294800,-32.9221405596,-26.4567269991,-243.8433234975,-1699.8552024159,-25.2588965916,-55.107068732399995,-371.8744055271,-582.1931321723999,-572.1690584316001,-114.0661431759,-678.3460662683999,-529.7331820431
1660298400,-33.5444802399,-27.0795331584,-244.59030190709998,-1706.9367688176,-25.54639104,-59.4512800311,-380.2794647004,-585.9040230711,-573.2884778391,-116.4842865264,-679.4496174159,-531.9393956604
1660302000,-24.0129767424,-23.3899494375,-245.7106419375,-1714.7940402396,-22.766877212399997,-32.9221405596,-391.56404336639997,-589.9704858624,-576.6009856599,-119.9917357884,-682.0092162975,-535.6749953271
1660305600,-24.0129767424,-23.3899494375,-246.8775,-1719.1292215644,-22.766877212399997,-32.9221405596,-407.6373616911,-595.5080568816,-582.5508881436,-124.16086191,-686.3761211376,-539.8135203279
1660309200,-25.54639104,-23.7254312604,-247.9508626959,-1721.9675735004,-22.766877212399997,-32.9221405596,-413.81068763160005,-599.2123734831,-586.6191650198999,-118.2381930975,-689.3300230671001,-543.1407013719
1660312800,-26.792089743600002,-24.0129767424,-249.4440029775,-1725.4387311591001,-22.766877212399997,-32.9221405596,-410.88467775,-600.6846653184,-589.2109841775,-110.55623526389999,-690.7844914176,-545.3879726919
1660316400,-27.0795331584,-24.0129767424,-249.8172455199,-1727.9380329564,-22.766877212399997,-32.9221405596,-402.1458941151,-602.9148589883999,-590.7299107311001,-104.6240308764,-692.5911549375,-548.3533533519001
1660320000,-27.3669670044,-24.0129767424,-250.5636795711,-1729.5414338510998,-22.766877212399997,-32.5870159719,-396.69640896,-603.6729734631,-592.9184114364,-100.1127779319,-694.4414201319,-550.9583381151
1660323600,-27.7022943975,-24.0129767424,-250.93687107990002,-1729.8396867710999,-22.766877212399997,-32.5870159719,-392.6641166784,-602.5580726556,-595.1509175664,-96.59708727510001,-695.894871,-552.8441482119
1660327200,-27.7022943975,-24.0129767424,-250.93687107990002,-1728.2736691599,-22.766877212399997,-32.5870159719,-389.04246457589994,-599.9708630016,-596.6240075991001,-94.12573118790002,-698.09651775,-554.3255272176
1660330800,-27.9897075111,-24.0129767424,-250.19047105110002,-1725.4387311591001,-22.766877212399997,-32.2997559591,-385.0062660975,-595.9098182775,-596.2669214439,-91.70120305559999,-698.4487195644,-553.5624287271
1660334400,-27.9897075111,-24.0129767424,-249.4440029775,-1722.6022578975,-22.766877212399997,-32.2997559591,-380.2794647004,-591.4445933775,-594.79376124,-89.6088977724,-698.4487195644,-552.4400855196
1660338000,-28.325010716399998,-24.0129767424,-248.3241732831,-1716.7752133911,-23.1023832231,-32.2997559591,-374.7689552124,-586.2616025511,-591.4445933775,-88.1820309504,-696.6435054519001,-549.8356094976
1660341600,-28.325010716399998,-24.0129767424,-246.45745023509997,-1711.2784250304,-23.1023832231,-32.2997559591,-369.66832624709997,-581.4328442511,-587.0214024636,-86.80249896389999,-695.5425458544,-546.1069591719
1660345200,-28.325010716399998,-24.0129767424,-244.96376559509997,-1705.7758929975,-23.3899494375,-32.5870159719,-363.78245419589996,-576.2429468775,-584.7864775536,-86.0888602224,-695.1461597319001,-543.9048481776
1660348800,-28.325010716399998,-24.0129767424,-243.8433234975,-1703.0037374391,-23.7254312604,-35.12406384,-358.67477382239997,-572.1690584316001,-580.7172089775,-85.0420818876,-694.7937984375,-540.8927655519
1660352400,-28.6124030976,-24.0129767424,-242.3491625439,-1700.2676172923998,-23.7254312604,-39.3827099151,-353.517759,-568.4513946830999,-577.0037589564,-83.99517490560001,-694.0890248151,-537.9244727871
1660356000,-28.6124030976,-24.0129767424,-240.8547294111,-1698.6927692735999,-23.7254312604,-40.3394193111,-348.40349927910006,-564.7318998384,-573.2884778391,-83.6620411599,-693.3401282844001,-534.9550221975
1660359600,-28.9476821151,-24.0129767424,-239.7337259439,-1699.4802518919,-24.0129767424,-41.0090526279,-343.6087887975,-561.7729223004,-570.2880598464,-83.28130093109999,-692.9876798076,-532.7046675975
1660363200,-28.9476821151,-24.0129767424,-238.2388164975,-1699.0677756155999,-24.0129767424,-41.34384975,-339.22649271,-558.7679274975,-566.9727786684,-83.28130093109999,-692.9876798076,-530.4536484975
1660366800,-29.235053763899998,-24.0129767424,-237.07072911,-1700.2676172923998,-24.0129767424,-41.34384975,-335.1649624284,-556.5694893276,-563.2525557975,-82.6149645975,-691.489584,-527.4812858030999
1660370400,-29.5224158439,-24.0129767424,-236.3230659996,-1703.0037374391,-24.3005126556,-41.34384975,-331.5170625759,-554.6846058096,-560.2929993471,-82.6149645975,-691.489584,-525.9946702716001
1660374000,-30.145000857600003,-24.3005126556,-235.57533484439998,-1706.9367688176,-24.3005126556,-42.30034119,-328.1909494671,-553.9664316144,-558.0501403071,-82.6149645975,-691.8861686751,-524.5077652839
1660377600,-30.4802203359,-24.9234743079,-235.20144375,-1714.0088405775,-24.6359591271,-43.3045427751,-326.7122346831,-553.9664316144,-556.9284615996,-82.9481392764,-692.2386703119,-524.1021955056
1660381200,-31.3900361244,-25.54639104,-234.82753564439997,-1719.7642493751,-24.9234743079,-44.5954868604,-328.5605856351,-556.9284615996,-555.0885488919,-83.28130093109999,-692.9876798076,-524.5077652839
1660384800,-32.2997559591,-26.1692628519,-235.20144375,-1726.3714460016001,-25.2588965916,-46.60323696,-336.2728566396,-562.8938833479,-556.1656251879,-84.7089890751,-694.0890248151,-526.7154897084
1660388400,-24.6359591271,-24.6359591271,-236.6969060604,-1732.6722410775,-23.1023832231,-33.20937984,-349.5095626599,-571.4077583439,-562.13164791,-87.5160779004,-696.9957774375,-532.3445491959
1660392000,-24.3005126556,-23.3899494375,-238.2388164975,-1737.69996636,-22.766877212399997,-33.20937984,-368.19726650309997,-580.7172089775,-569.5713656255999,-90.9879749751,-701.4857541158999,-539.0489623296
1660395600,-25.8338759196,-23.7254312604,-240.1074107775,-1743.0575339376,-23.1023832231,-32.9221405596,-387.20808407190003,-587.7364380924,-536.4398922204,-94.5059865975,-705.5331650031,-545.3879726919
1660399200,-27.0795331584,-23.7254312604,-241.6019799999,-1745.88291696,-22.766877212399997,-32.9221405596,-405.4412339631,-592.9184114364,-527.1209207391,-98.68767336389999,-708.3913925375999,-550.5990830319
1660402800,-27.3669670044,-24.0129767424,-243.0962770431,-1748.0752478631,-22.766877212399997,-32.5870159719,-421.8059373591,-596.6240075991001,-517.0237923999,-102.5349066876,-711.6000630878999,-554.6846058096
1660406400,-27.7022943975,-24.3005126556,-244.59030190709998,-1749.96956799,-22.766877212399997,-32.5870159719,-437.0884237296,-600.3277726655999,-507.63594565110003,-106.7126404764,-713.6212375839,-557.2874168604
1660410000,-27.7022943975,-24.3005126556,-245.7106419375,-1749.6724654523998,-22.766877212399997,-32.5870159719,-450.8399046396,-602.5580726556,-501.26552889239997,-111.5998734375,-716.0810387150999,-559.88933376
1660413600,-27.9897075111,-24.9234743079,-246.8775,-1747.7780368791,-22.766877212399997,-32.2997559591,-462.43237796309995,-603.27162831,-494.93506410839996,-115.10934862709999,-717.2667164316,-561.0105738975
1660417200,-27.9897075111,-24.9234743079,-246.8775,-1742.7600358896,-22.4792902656,-32.2997559591,-470.37799618559995,-602.2012693116001,-488.5541160879,-118.94913264,-717.6618992775,-560.6517951279
1660420800,-28.325010716399998,-24.6359591271,-246.8775,-1738.9654446395998,-22.4792902656,-32.0124863775,-475.8217154496,-600.6846653184,-484.0254181479,-122.40818466389999,-716.8715120559,-559.1716528896
1660424400,-28.325010716399998,-24.6359591271,-246.8775,-1735.2053304158999,-22.4792902656,-32.5870159719,-479.1314389071,-598.4984308239,-479.53938892440004,-125.2028218224,-717.6618992775,-557.2874168604
1660428000,-28.6124030976,-24.9234743079,-246.8775,-1731.74064924,-22.766877212399997,-39.0478365084,-480.6271503804,-596.2669214439,-475.09610736,-127.6651247616,-717.2667164316,-555.4475913351
1660431600,-28.9476821151,-24.9234743079,-246.8775,-1728.9075899135998,-22.766877212399997,-40.3394193111,-481.03502145510004,-594.3919400391001,-470.7410298816,-130.0793775975,-716.0810387150999,-552.8441482119
1660435200,-28.9476821151,-24.9234743079,-246.45745023509997,-1727.3039947191,-23.1023832231,-42.6350880759,-479.53938892440004,-591.8019091839,-466.79212501589996,-132.5402569119,-715.24655676,-550.5990830319
1660438800,-29.235053763899998,-24.9234743079,-246.08405459189999,-1727.0055972039002,-23.1023832231,-44.3086271424,-478.4061412719,-589.9704858624,-462.7957837791,-134.29082955360002,-715.24655676,-548.3533533519001
1660442400,-29.5224158439,-24.9234743079,-246.08405459189999,-1727.63967159,-23.3899494375,-45.93403902359999,-476.91,-588.8535450398999,-459.5245190319,-136.3721179584,-714.4559063964,-546.5113591644
1660446000,-29.5224158439,-25.2588965916,-246.08405459189999,-1728.2736691599,-23.3899494375,-48.2282150556,-475.4589199104,-587.7364380924,-456.2973391836,-138.4528917744,-714.0605489199,-545.3879726919
1660449600,-30.145000857600003,-25.2588965916,-245.7106419375,-1730.4734177435998,-23.7254312604,-49.566201596400006,-474.73327779839997,-587.3789287836,-453.3871837404,-140.5331510016,-714.0605489199,-543.1407013719
1660453200,-30.767540951100003,-25.2588965916,-246.08405459189999,-1734.8701391616,-23.7254312604,-51.1906193856,-474.3704312256,-587.3789287836,-450.8399046396,-142.2820615959,-713.6212375839,-541.2974430396
1660456800,-31.3900361244,-25.54639104,-246.8775,-1739.3003727519,-23.7254312604,-53.1490674639,-474.0075676416,-588.09393039,-448.3373013111,-144.03060831,-713.6212375839,-540.1732857471
1660460400,-32.2997559591,-26.1692628519,-247.2041904879,-1746.2174001230999,-24.0129767424,-54.7728074631,-475.4589199104,-589.9704858624,-446.51672114309997,-146.1094875036,-713.2258346556,-540.1732857471
1660464000,-33.20937984,-26.792089743600002,-248.6974668591,-1753.7190244310998,-24.3005126556,-58.4012328879,-481.3975554471,-594.3919400391001,-445.7883699975,-148.8962678799,-714.8512423431,-541.6571382876
1660467600,-34.4539728156,-27.7022943975,-250.19047105110002,-1761.5803519119,-24.9234743079,-62.982312663900004,-492.2656649991,-602.2012693116001,-446.51672114309997,-152.3430375516,-716.4762861503999,-544.623975
1660471200,-35.12406384,-28.6124030976,-252.8025734559,-1770.3175897431,-25.2588965916,-68.2284550599,-508.4036531136,-613.2542627676,-450.8399046396,-157.91153295360002,-720.51535836,-550.9583381151
1660474800,-24.6359591271,-27.9897075111,-255.78681267509998,-1778.1536726031,-23.1023832231,-35.12406384,-525.5891794359,-622.5119100444,-460.61509371510004,-166.2573366831,-724.9469665791,-558.7679274975
1660478400,-24.6359591271,-24.0129767424,-259.0961792124,-1785.9409310844,-23.1023832231,-35.12406384,-548.7576337344,-633.1795213404,-475.8217154496,-178.0310079831,-731.4359106950999,-567.3312576156
1660482000,-26.4567269991,-24.3005126556,-261.7054386204,-1791.5433768156,-23.1023832231,-39.3827099151,-569.9297212416001,-640.5489955584,-488.14664211839994,-189.78806678310002,-737.0432753799,-573.6466569639
1660485600,-27.7022943975,-24.6359591271,-264.3138644796,-1795.8884097024,-23.1023832231,-40.3394193111,-588.09393039,-644.9405568039,-499.0504588191,-201.48158439,-741.9023862383999,-579.59889264
1660489200,-27.9897075111,-25.54639104,-266.5024356711,-1800.2665167231,-23.1023832231,-41.34384975,-605.8576971504,-648.2657627963999,-508.7649006336,-212.9711694375,-746.3208937071,-583.3110630999
1660492800,-28.325010716399998,-26.1692628519,-267.99219072389997,-1799.6413033116,-22.766877212399997,-42.9698219376,-622.5119100444,-651.5894736639,-517.7454581439,-224.3044028919,-749.5564949559,-587.3789287836
1660496400,-28.6124030976,-26.1692628519,-269.8540017879,-1799.9355309564,-22.766877212399997,-44.3086271424,-637.97495151,-653.7601572636,-526.7154897084,-235.94920892759998,-752.3536790199,-589.9704858624
1660500000,-28.9476821151,-26.1692628519,-270.9708842919,-1796.2196586111,-22.766877212399997,-45.93403902359999,-650.1272250816,-653.7601572636,-532.7046675975,-246.45745023509997,-753.9703044096001,-591.8019091839
1660503600,-28.9476821151,-26.1692628519,-271.3431444375,-1790.29073136,-22.766877212399997,-48.5627312271,-660.0028496799,-653.4058035324,-536.7998171196,-254.6678505519,-753.9703044096001,-591.0872605599
1660507200,-29.235053763899998,-26.1692628519,-271.3431444375,-1783.7646430719,-22.766877212399997,-50.2351167216,-666.6382107398999,-651.1907073024,-540.5330341551,-261.33273831,-753.9703044096001,-590.32787184
1660510800,-29.235053763899998,-26.4567269991,-271.7153875719,-1778.4491399391,-22.4792902656,-51.85940799,-671.0142729216001,-648.62036319,-543.5003094375,-266.5024356711,-753.9703044096001,-588.4960888911
1660514400,-29.5224158439,-26.4567269991,-271.3431444375,-1770.0216545991,-22.4792902656,-53.8177034991,-673.5768163356,-646.0491249263999,-543.1407013719,-270.2263129671,-752.3536790199,-585.9040230711
1660518000,-29.85765951,-26.4567269991,-271.3431444375,-1764.6919130919,-22.4792902656,-56.109774395100004,-675.4318930416,-643.4769925116001,-542.7810762951,-273.9484891431,-750.7803969471,-583.3110630999
1660521600,-30.145000857600003,-26.792089743600002,-271.7153875719,-1760.6168695479,-22.766877212399997,-59.117188076400005,-676.8891243831,-641.6582215359,-542.7810762951,-277.2504956784,-751.17374976,-581.0750351199
1660525200,-30.4802203359,-26.792089743600002,-271.3431444375,-1757.1690964416,-22.766877212399997,-61.88498544,-676.5358827591,-639.4396034558999,-541.6571382876,-279.85395001439997,-749.9499147503999,-578.4804101775
1660528800,-31.0548519975,-27.0795331584,-271.3431444375,-1756.8724064256,-22.766877212399997,-65.4150149436,-676.1384655984,-637.6198407804,-540.5330341551,-282.4565708016,-749.1630536316001,-575.8848910839
1660532400,-31.6773264384,-27.3669670044,-271.3431444375,-1756.8724064256,-22.766877212399997,-68.56219164,-676.1384655984,-636.5100101079,-538.2843275151,-284.3150753136,-748.3323845775,-574.0048190775
1660536000,-32.2997559591,-27.3669670044,-271.3431444375,-1757.7995062431,-22.766877212399997,-71.7082105116,-675.7851878256,-635.4000133104,-536.7998171196,-286.4982746871,-747.1517950703999,-572.1690584316001
1660539600,-32.9221405596,-27.7022943975,-271.7153875719,-1759.6902747504,-23.1023832231,-74.5195805775,-675.4318930416,-634.6451205975,-534.1899761904,-287.9843723319,-745.92727536,-570.2880598464
1660543200,-33.8316987879,-27.9897075111,-272.0876136951,-1763.1363669375,-23.3899494375,-77.7110314224,-675.7851878256,-635.0447792496,-532.3445491959,-289.8416116359,-745.5336354830999,-568.4513946830999
1660546800,-34.4539728156,-28.6124030976,-273.5763480759,-1769.6887072284,-23.7254312604,-80.47281639,-677.5955565975,-636.1104303984,-532.7046675975,-293.1835706775,-746.7144905244,-568.8098034591001
1660550400,-35.4590898159,-29.5224158439,-274.6927202439,-1777.1932862775,-24.0129767424,-83.28130093109999,-682.3621942479,-639.7946270031,-531.57924111,-295.36438396439996,-747.1517950703999,-569.9297212416001
1660554000,-36.4162351239,-31.6773264384,-276.1344743664,-1785.3139599375,-24.6359591271,-86.0888602224,-691.1370462144,-646.8028563591,-533.4698627184,-299.81698665240003,-748.7258713536,-572.5272907164
1660557600,-36.7512108636,-34.4539728156,-278.3663638896,-1794.9681608798999,-24.9234743079,-89.2284233436,-705.13732191,-655.9744826736,-537.1597250076001,-307.1862214239,-753.1838834555999,-578.1224607039
1660561200,-24.6359591271,-27.9897075111,-280.5976410096,-1803.6854422896,-23.1023832231,-35.4590898159,-718.8912193359,-661.5073890111,-546.87080775,-318.6206989056,-758.8179972975,-585.9040230711
1660564800,-24.3005126556,-24.0129767424,-283.20002364,-1811.7273797679002,-23.1023832231,-36.08124636,-736.6491498864,-668.4508353564,-559.5305018304,-333.3643077999,-764.8402920159,-593.6775380775
1660568400,-24.9234743079,-24.3005126556,-285.05835804,-1816.38512919,-23.1023832231,-41.0090526279,-753.5771046975,-673.5768163356,-568.0929688959,-345.82208933190003,-770.0729554479,-599.2123734831
1660572000,-27.7022943975,-24.9234743079,-287.2413575319,-1820.0862631910998,-23.1023832231,-43.9739453775,-769.2447054396,-677.5955565975,-575.8848910839,-357.20168124,-774.4741473756,-603.6729734631
1660575600,-28.325010716399998,-25.2588965916,-288.7273190871,-1821.9541223964002,-23.1023832231,-45.93403902359999,-785.2695317244,-682.0092162975,-582.5508881436,-368.5650569559,-778.8726278775,-608.4874359759
1660579200,-28.6124030976,-25.54639104,-290.21300846310004,-1824.1141166031,-22.766877212399997,-49.2317244975,-800.0864923719,-684.5679210279,-589.2109841775,-379.5449512476,-783.2683969536,-612.5416597404001
1660582800,-28.9476821151,-26.4567269991,-291.6984256599,-1822.5765884991001,-22.766877212399997,-51.5250201999,-811.66646775,-686.0233366896,-595.5080568816,-387.57499419510003,-786.0959232591,-615.1245219696
1660586400,-29.235053763899998,-26.792089743600002,-292.4410321911,-1817.9245439423999,-22.766877212399997,-54.4862874375,-821.62653564,-686.0233366896,-601.0861492191001,-393.7640368896,-787.7049366683999,-616.2375488871
1660590000,-29.5224158439,-26.792089743600002,-292.4410321911,-1811.1035761596,-22.766877212399997,-58.4012328879,-828.4172897199,-684.5679210279,-604.3864227975,-398.16218672639997,-788.0962632878999,-616.2375488871
1660593600,-29.85765951,-27.0795331584,-293.1835706775,-1804.27341276,-23.1023832231,-62.6006495775,-833.1712396239,-682.3621942479,-608.4874359759,-401.7796601871,-788.4875683775999,-615.1245219696
1660597200,-30.145000857600003,-27.3669670044,-293.1835706775,-1797.1396815035998,-23.1023832231,-67.5132613884,-835.5901968639,-679.4496174159,-609.95790336,-403.9768085871,-787.7049366683999,-612.5416597404001
1660600800,-30.4802203359,-27.3669670044,-293.1835706775,-1789.3694724975,-23.1023832231,-72.4230533271,-837.9651470844,-677.2423489959,-611.4280812879,-406.1733445839,-786.8787319911,-609.95790336
1660604400,-31.0548519975,-27.9897075111,-293.1835706775,-1782.5100907670999,-23.1023832231,-76.66322391,-838.7422288896,-674.6810851431,-611.7844444671,-406.9053871599,-786.48733839,-608.0863491804
1660608000,-31.6773264384,-28.325010716399998,-293.1835706775,-1776.8977466439,-23.3899494375,-81.1869255975,-839.1739037916001,-673.2234152316,-611.4280812879,-408.0033234399,-785.2695317244,-605.8576971504
1660611600,-32.5870159719,-28.6124030976,-293.1835706775,-1772.8323516398998,-23.7254312604,-85.3751616759,-839.1739037916001,-671.3677803456,-610.6707530496,-409.10110661910005,-784.4865459696001,-603.6729734631
1660615200,-33.5444802399,-28.9476821151,-292.4410321911,-1767.5055190479002,-24.0129767424,-89.2284233436,-837.1448006391,-668.8044661116,-608.8439394975,-409.46700032309997,-781.70189916,-600.6846653184
1660618800,-34.166775,-29.5224158439,-292.0697374311,-1763.7660492444,-24.0129767424,-92.4143713311,-835.9788801024,-666.9919286775,-607.3732528283999,-409.83287701589995,-780.0915285758999,-598.4984308239
1660622400,-34.789024839899994,-29.85765951,-292.0697374311,-1761.8767718751,-24.3005126556,-95.21891964,-835.5901968639,-666.2402577264,-605.8576971504,-409.83287701589995,-779.2644401136,-595.9098182775
1660626000,-35.4590898159,-30.145000857600003,-292.0697374311,-1762.210224,-24.3005126556,-97.30984488959999,-834.7695726576,-664.7809124775,-605.1443881583999,-410.51884996440003,-778.8726278775,-594.0347475638999
1660629600,-36.08124636,-30.767540951100003,-292.4410321911,-1764.06234375,-24.6359591271,-99.02021916,-834.7695726576,-664.4270882198999,-604.3864227975,-410.51884996440003,-778.4807941116001,-592.2038691324
1660633200,-36.7512108636,-32.0124863775,-293.1835706775,-1766.5801602204,-24.9234743079,-101.1577025775,-835.5901968639,-665.1347197239,-603.27162831,-411.61628228760003,-778.0889388159,-591.0872605599
1660636800,-37.4211232704,-33.5444802399,-294.6684435159,-1772.20377639,-25.54639104,-103.57953310559999,-839.1739037916001,-667.3456296039,-602.5580726556,-412.71356151,-777.6535187919001,-591.0872605599
1660640400,-38.0431381431,-35.7941027676,-295.73552775,-1779.7046863358999,-25.8338759196,-106.04813869440001,-844.6969949916,-671.3677803456,-603.27162831,-415.6388909436,-779.2644401136,-592.9184114364
1660644000,-38.7129500775,-39.6697338975,-297.9620332284,-1789.0377786396,-26.4567269991,-108.80073548760001,-854.2227066975,-677.9928948155999,-605.1443881583999,-420.7099275975,-782.4851911164,-596.9810767431
1660647600,-24.9234743079,-41.9655812799,-300.1879263036,-1799.9355309564,-23.3899494375,-94.5059865975,-864.9397426175999,-684.2150493975,-610.3143367104,-429.4737188679,-786.8787319911,-603.27162831
1660651200,-24.6359591271,-24.0129767424,-302.0423693916,-1808.31386775,-23.1023832231,-35.7941027676,-878.0016532224,-689.3300230671001,-593.6775380775,-441.4168341831,-792.4863410544,-610.6707530496
1660654800,-24.9234743079,-24.3005126556,-303.8963871996,-1813.5983296956,-23.1023832231,-41.34384975,-889.8392184816,-692.5911549375,-610.6707530496,-450.11195751,-796.8737073950999,-615.4807086576001
1660658400,-27.3669670044,-24.3005126556,-304.6378752444,-1817.0082821198998,-23.1023832231,-46.93781639189999,-900.5013876999001,-694.7937984375,-561.3693356558999,-454.8423975516,-799.6958259996001,-618.8191315551001
1660662000,-28.325010716399998,-24.6359591271,-305.7036450975,-1816.0918541724,-23.1023832231,-51.5250201999,-908.3696713239,-696.2471791344,-511.0223122236,-458.4337912479,-802.0828953711,-620.9994270144
1660665600,-28.6124030976,-24.9234743079,-306.4449672831,-1814.8452455664,-22.766877212399997,-55.107068732399995,-914.2649784975,-695.894871,-468.92569128959997,-461.3420584479,-804.4691606975999,-622.5119100444
1660669200,-28.9476821151,-25.2588965916,-306.4449672831,-1811.4338346975,-22.766877212399997,-59.7853589616,-918.7044738591001,-695.1461597319001,-434.17108956,-462.43237796309995,-805.2933200438999,-622.5119100444
1660672800,-29.235053763899998,-25.2588965916,-306.8156028591,-1805.2287196476002,-22.766877212399997,-65.0811555639,-922.0748615004,-694.0890248151,-405.07515313589994,-462.43237796309995,-804.9029407355999,-621.7557069375
1660676400,-29.235053763899998,-24.9234743079,-306.0743146959,-1796.2196586111,-22.766877212399997,-70.3260114879,-922.4587244559,-691.8861686751,-380.2794647004,-460.2515858319,-803.2978218279,-619.9316069376
1660680000,-29.5224158439,-24.9234743079,-305.3329584879,-1788.7429215804,-22.4792902656,-75.23418816,-922.0748615004,-689.6826480351,-359.77941464160006,-458.4337912479,-801.3017611791,-617.3504096796
1660683600,-29.5224158439,-24.9234743079,-304.6378752444,-1779.3723657216,-22.4792902656,-79.4253480384,-921.2217556283999,-687.1257316071,-342.91700679,-455.56990239,-800.4771372144,-614.3675687751
1660687200,-29.5224158439,-24.9234743079,-304.2671397276,-1772.4995860764002,-22.4792902656,-83.28130093109999,-919.1311969071,-684.5679210279,-328.1909494671,-452.65947476760005,-798.8710151775,-611.7844444671
1660690800,-29.85765951,-24.9234743079,-303.8963871996,-1765.6546352679002,-22.4792902656,-86.4694749936,-916.2289560231,-682.0092162975,-314.2247420271,-449.0199092316,-797.3079525831,-608.8439394975
1660694400,-29.85765951,-24.6359591271,-303.52561766040003,-1759.6902747504,-22.4792902656,-88.56255216,-913.8806562396001,-680.1558029679001,-302.7840275484,-446.15255407589996,-794.8758371799,-605.50105116
1660698000,-30.145000857600003,-24.9234743079,-303.15483111,-1754.6837922039,-22.4792902656,-90.6551147376,-911.5315524111,-677.9928948155999,-292.4410321911,-443.23860513510004,-793.3118942558999,-602.5580726556
1660701600,-30.145000857600003,-24.9234743079,-302.4132069756,-1751.5290772223998,-22.4792902656,-93.79299375,-908.7543021756,-676.1384655984,-282.8283057264,-440.3235674775,-792.0952560471001,-600.3277726655999
1660705200,-30.4802203359,-24.9234743079,-302.4132069756,-1750.2666535164,-22.4792902656,-96.59708727510001,-906.78818496,-675.0344160758999,-274.3206131991,-437.4530139504,-790.0960408839,-596.6240075991001
1660708800,-30.767540951100003,-24.9234743079,-302.0423693916,-1749.3382047639002,-22.4792902656,-99.7327734375,-904.8215053116,-674.3277371991,-266.5024356711,-434.53581587040003,-788.4875683775999,-593.6775380775
1660712400,-30.767540951100003,-24.9234743079,-302.4132069756,-1751.5290772223998,-22.4792902656,-103.24716592709999,-903.6241205916,-673.9302004284,-260.2145353116,-432.7120142064,-788.8788519375,-592.9184114364
1660716000,-31.3900361244,-25.2588965916,-303.52561766040003,-1755.9451404831,-22.766877212399997,-106.3803960975,-901.2715082031,-673.2234152316,-254.2948291551,-430.52289084,-787.2701040624,-590.32787184
1660719600,-32.0124863775,-26.4567269991,-304.2671397276,-1762.5066078144,-22.766877212399997,-109.51246844309999,-902.8542632304,-674.6810851431,-249.07074342389998,-429.1087565271,-786.0959232591,-588.8535450398999
1660723200,-32.5870159719,-27.0795331584,-305.3329584879,-1769.3927359356,-22.766877212399997,-112.31137116,-905.2063347159,-676.5358827591,-243.4698087759,-428.3787808119,-785.7044865984,-589.6130828736
1660726800,-33.8316987879,-27.7022943975,-306.8156028591,-1777.8212515164003,-23.1023832231,-115.10934862709999,-910.7198569584,-680.90605056,-239.3600240991,-429.79304696160006,-787.2701040624,-590.32787184
1660730400,-34.789024839899994,-28.6124030976,-309.0390590799,-1788.7429215804,-23.1023832231,-116.4842865264,-915.0335584239,-683.11221591,-236.6969060604,-435.26521745760004,-788.8788519375,-593.3203115799
1660734000,,,,,,,,,-236.6969060604,-444.69571569510003,-793.7029122816,-599.6139363264
1660737600,-24.6359591271,-31.0548519975,-312.3730951551,-1804.8980568279,-22.766877212399997,-124.8713030775,-939.6677313831,-697.3480324119,-240.1074107775,-455.56990239,-798.8710151775,-605.8576971504
1660741200,-25.2588965916,-31.6773264384,-313.4841343119,-1809.5620849776,-22.766877212399997,-128.7066519516,-949.7004443919001,-700.6936062351,-243.0962770431,-463.5225443775,-803.2978218279,-612.1407906351001
1660744800,-27.9897075111,-32.5870159719,-314.5950203679,-1813.5983296956,-22.766877212399997,-133.24999238040002,-957.2152640255999,-702.7178129775,-246.45745023509997,-467.4731142144,-806.0740140711,-616.2375488871
1660748400,-28.9476821151,-33.8316987879,-315.28924640639997,-1815.1385928816,-22.766877212399997,-137.0815304799,-962.6445214464,-703.9056723803999,-249.8172455199,-470.01494547839997,-808.0687297719,-618.41859975
1660752000,-28.9476821151,-35.7941027676,-315.65947584,-1813.5983296956,-22.4792902656,-142.2820615959,-968.91667164,-705.13732191,-254.2948291551,-472.1929945536,-809.6727668736,-620.9994270144
1660755600,-29.235053763899998,-37.4211232704,-316.02968826240004,-1809.8924439879002,-22.4792902656,-149.5574019759,-975.1829997504,-705.5331650031,-258.7233598236,-473.6446870464,-811.2764400950999,-621.3998200719001
1660759200,-29.5224158439,-38.7129500775,-316.02968826240004,-1804.27341276,-22.4792902656,-156.16587761190002,-977.6794398759,-704.3455711344001,-263.5686850044,-473.6446870464,-811.66646775,-621.3998200719001
1660762800,-29.5224158439,-39.6697338975,-315.28924640639997,-1797.4708490775,-22.4792902656,-163.0991701116,-978.1024736199,-702.7178129775,-267.6197774775,-471.8300289024,-810.4963201959,-619.1751417519
1660766400,-29.85765951,-40.6742424816,-314.9189999616,-1789.9959465984,-22.4792902656,-171.1101014976,-977.2563795519001,-700.2975,-271.3431444375,-470.01494547839997,-809.2826291775,-617.7064900476
1660770000,-29.85765951,-41.34384975,-314.2247420271,-1781.8826993904001,-22.4792902656,-179.7721000704,-974.7597826044,-697.7002703751,-274.6927202439,-467.4731142144,-808.0687297719,-615.4807086576001
1660773600,-30.145000857600003,-41.6308083456,-313.4841343119,-1774.0892716910998,-22.4792902656,-188.7541122351,-972.6856343751,-695.5425458544,-277.9944248304,-465.3391481775,-806.89798656,-612.8979697596
1660777200,-30.145000857600003,-41.6308083456,-313.1138049375,-1768.13466816,-22.4792902656,-199.46339913990002,-970.5684987351,-693.69255975,-280.22580401759996,-462.7957837791,-804.9029407355999,-610.3143367104
1660780800,-30.4802203359,-41.9655812799,-312.7434585519,-1761.8767718751,-22.4792902656,-210.67452879959998,-968.49306111,-691.8861686751,-282.0848188656,-459.8880609375,-803.2978218279,-607.3732528283999
1660784400,-30.4802203359,-42.30034119,-312.3730951551,-1757.1690964416,-22.4792902656,-223.5555787671,-965.9932179471001,-690.7844914176,-283.57172454240003,-457.7520086364,-801.69233904,-604.7877081455999
1660788000,-30.767540951100003,-42.30034119,-312.0027147471,-1753.0881175835998,-22.766877212399997,-238.6125693759,-961.4148368678999,-688.2279603996001,-285.05835804,-455.2061584764,-799.6958259996001,-601.4430057231
1660791600,-31.0548519975,-42.6350880759,-312.0027147471,-1753.4221366599,-22.4792902656,-255.4138423119,-958.9123747775999,-686.7729833079001,-286.4982746871,-453.75101271,-798.4802818236,-599.6139363264
1660795200,-31.3900361244,-42.6350880759,-312.0027147471,-1752.4942527324,-22.4792902656,-273.2041899975,-955.9845927975,-686.0233366896,-287.9843723319,-451.56778372440004,-796.8737073950999,-597.3827591964
1660798800,-31.6773264384,-42.9698219376,-312.0027147471,-1752.7911936635999,-22.766877212399997,-293.1835706775,-954.7112493975,-685.31771676,-288.3558542151,-450.11195751,-795.7011126204,-595.1509175664
1660802400,-32.2997559591,-43.6392505884,-312.3730951551,-1756.2418836591,-22.766877212399997,-314.9189999616,-953.0555453436,-685.31771676,-289.4701977975,-449.0199092316,-794.8758371799,-593.6775380775
1660806000,-32.9221405596,-44.5954868604,-313.1138049375,-1759.3937293295999,-22.766877212399997,-337.74981076439997,-952.2063095196,-686.0233366896,-289.8416116359,-448.3373013111,-794.4848837436,-592.56114879
1660809600,-33.8316987879,-46.93781639189999,-313.8544466751,-1763.7660492444,-22.766877212399997,-361.9882369776,-953.0555453436,-686.7729833079001,-290.5843882791,-447.2450042439,-792.8774045319,-591.4445933775
1660813200,-34.4539728156,-48.89723437439999,-314.5950203679,-1768.13466816,-22.766877212399997,-387.9418873071,-953.9046748476,-688.2279603996001,-290.9557510839,-447.2450042439,-792.0952560471001,-590.7299107311001
1660816800,-28.325010716399998,-50.2351167216,-314.2247420271,-1772.20377639,-22.766877212399997,-391.2431598111,-954.2867484375,-682.0092162975,-64.6995860391,-445.7883699975,-790.4872359324,-589.6130828736
1660820400,-29.5224158439,-50.2351167216,-314.5950203679,-1773.1281251775,-22.766877212399997,-326.7122346831,-953.4801233856,-628.7809868319,-56.109774395100004,-444.69571569510003,-790.8784094511,-588.4960888911
1660824000,-30.4802203359,-50.5695547479,-316.02968826240004,-1778.1536726031,-23.1023832231,-344.34662368709996,-955.9845927975,-649.3738325439,-56.109774395100004,-445.7883699975,-792.4863410544,-588.4960888911
1660827600,-31.0548519975,-52.1937827559,-316.3998836736,-1782.8053071879,-23.1023832231,-365.2543304775,-957.6395815836,-665.1347197239,-58.7353527516,-444.69571569510003,-792.4863410544,-588.09393039
1660831200,-31.6773264384,-56.3962401975,-317.51036784,-1786.8628079319,-23.3899494375,-383.9051274591,-963.0684987804,-676.1384655984,-62.2666804224,-445.4241689079,-792.8774045319,-588.8535450398999
1660834800,-32.9221405596,-61.2169782876,-318.2506055616,-1791.8380722683999,-23.7254312604,-408.7351959039,-968.49306111,-684.5679210279,-66.7980079119,-447.6091202775,-793.3118942558999,-590.7299107311001
1660838400,-35.12406384,-65.4150149436,-318.9907752384,-1797.1396815035998,-24.0129767424,-435.26521745760004,-973.4899716863999,-691.1370462144,-71.7082105116,-451.20385268760003,-794.8758371799,-593.3203115799
1660842000,-36.4162351239,-67.8947054556,-319.7308768704,-1799.9355309564,-24.3005126556,-460.9785845871,-976.4101791639,-695.1461597319001,-78.0443977431,-454.4786196156,-796.0919990750999,-595.9098182775
1660845600,-28.325010716399998,-57.3987951516,-318.9907752384,-1780.9599254679001,-24.3005126556,-487.78442496,-977.2563795519001,-153.05110246709998,-76.66322391,-455.56990239,-795.3102046358999,-21.3288467904
1660849200,-29.85765951,-45.2647889904,-318.6206989056,-1634.1378426975,-24.3005126556,-512.9180244336,-955.5601715775,-211.6588815039,-65.0811555639,-454.4786196156,-795.3102046358999,-21.6164720124
1660852800,-31.3900361244,-43.9739453775,-317.1402234624,-1562.0017764639001,-24.3005126556,-534.9550221975,-947.1936540144001,-270.2263129671,-68.56219164,-453.3871837404,-794.8758371799,-22.4792902656
1660856400,-31.6773264384,-43.6392505884,-315.28924640639997,-1517.4048276444,-24.6359591271,-555.0885488919,-940.0931466950999,-322.3206967296,-72.4230533271,-452.65947476760005,-795.3102046358999,-23.3899494375
1660860000,-32.2997559591,-43.3045427751,-313.1138049375,-1483.9681391004,-24.9234743079,-417.1011473916,-935.8803641244,-370.03604865510005,-59.7853589616,-450.4759395804,-794.4848837436,-24.3005126556
1660863600,-29.5224158439,-42.6350880759,-310.5210230031,-1454.4125936796,-24.9234743079,-256.1597660271,-931.2816302076,-220.9341584775,-47.606936183100004,-448.6558591164,-793.7029122816,-22.4792902656
1660867200,-28.9476821151,-41.9655812799,-307.92740751990004,-1310.4634566683999,-25.2588965916,-120.70252781190001,-927.9157781775,-71.3745967311,-38.7129500775,-446.88087119910006,-792.0952560471001,-21.6164720124
1660870800,-26.1692628519,-40.6742424816,-283.20002364,-1222.4472551964,-22.4792902656,-39.0478365084,-557.6912211951001,-25.2588965916,-29.235053763899998,-446.88087119910006,-790.8784094511,-21.3288467904
1660874400,-28.325010716399998,-38.7129500775,-237.07072911,-996.39434199,-22.4792902656,-42.9698219376,-465.70241790389997,-24.3005126556,-29.235053763899998,-445.0599508071,-787.2701040624,-21.3288467904
1660878000,-28.6124030976,-36.7512108636,-236.6969060604,-848.6640268955999,-22.4792902656,-43.3045427751,-455.9336292924,-24.9234743079,-29.5224158439,-443.23860513510004,-786.0959232591,-21.6164720124
1660881600,-28.6124030976,-35.4590898159,-229.59103599,-755.5865659191,-22.4792902656,-48.2282150556,-444.69571569510003,-25.2588965916,-29.85765951,-441.4168341831,-784.4865459696001,-21.6164720124
1660885200,-28.6124030976,-34.4539728156,-220.55960181990002,-693.69255975,-22.4792902656,-52.5281444976,-434.17108956,-25.54639104,-30.767540951100003,-439.5946379511,-783.7034740956,-21.9040876656
1660888800,-28.6124030976,-33.20937984,-212.64311699040002,-653.05143279,-22.4792902656,-56.3962401975,-423.99749757989997,-25.8338759196,-31.0548519975,-437.81758716,-782.4851911164,-22.19169375
1660892400,-28.9476821151,-32.5870159719,-205.7510070111,-622.1115767919,-22.766877212399997,-59.4512800311,-413.4449959356,-26.1692628519,-31.6773264384,-436.3591922544,-781.70189916,-22.4792902656
1660896000,-28.6124030976,-27.3669670044,-198.7592654064,-596.6240075991001,-22.766877212399997,-44.5954868604,-401.4134092479,-26.1692628519,-32.2997559591,-435.994551,-779.6562308199001,-21.9040876656
1660899600,-27.3669670044,-23.3899494375,-191.8555899375,-578.1224607039,-22.4792902656,-39.6697338975,-389.77609769910003,-26.4567269991,-31.0548519975,-434.17108956,-778.0889388159,-21.6164720124
1660903200,-27.7022943975,-23.3899494375,-185.2753209975,-562.8938833479,-22.766877212399997,-43.3045427751,-379.9122164796,-26.792089743600002,-30.767540951100003,-432.34720284,-776.8696957671001,-21.6164720124
1660906800,-27.9897075111,-23.7254312604,-180.1014549375,-549.8356094976,-22.766877212399997,-47.606936183100004,-371.1391138119,-26.792089743600002,-31.0548519975,-432.34720284,-776.47775196,-21.6164720124
1660910400,-28.6124030976,-23.7254312604,-174.54773216790002,-537.9244727871,-22.766877212399997,-50.2351167216,-362.3563144944,-27.0795331584,-31.6773264384,-431.9823744624,-776.8696957671001,-21.9040876656
1660914000,-28.9476821151,-23.7254312604,-169.69696590360002,-526.3550884956,-22.766877212399997,-52.81472991,-353.8862277744,-27.0795331584,-32.5870159719,-431.2526666736,-775.2582335424,-21.9040876656
1660917600,-28.9476821151,-23.7254312604,-165.2204583351,-516.25694799,-22.766877212399997,-54.4862874375,-346.5597200871,-27.3669670044,-33.20937984,-431.9823744624,-775.2582335424,-22.19169375
1660921200,-28.9476821151,-23.7254312604,-160.6943927799,-506.5519925775,-22.766877212399997,-55.7755521984,-339.22649271,-27.3669670044,-34.166775,-431.2526666736,-774.8662012239,-22.19169375
1660924800,-28.325010716399998,-23.7254312604,-156.5433474375,-496.78952537910004,-22.4792902656,-56.7304382064,-331.5170625759,-27.7022943975,-35.12406384,-428.3787808119,-771.24977724,-22.19169375
1660928400,-27.9897075111,-23.3899494375,-152.7206796156,-487.78442496,-22.766877212399997,-57.7329540879,-325.2332477199,-27.7022943975,-35.7941027676,-426.5535438279,-771.24977724,-21.6164720124
1660932000,-27.9897075111,-23.3899494375,-148.8962678799,-479.1314389071,-22.4792902656,-46.93781639189999,-319.36083456,-27.7022943975,-36.4162351239,-424.7278815639,-768.8523429975,-21.9040876656
1660935600,-27.9897075111,-23.1023832231,-145.7315477436,-471.46704624,-22.4792902656,-49.2317244975,-313.4841343119,-27.9897075111,-37.4211232704,-423.2670455511,-767.6315221599001,-22.19169375
1660939200,-27.9897075111,-23.1023832231,-142.61289564,-464.24923693110003,-22.4792902656,-53.1490674639,-308.2979750511,-27.9897075111,-38.378050622399996,-421.8059373591,-766.45410471,-22.19169375
1660942800,-28.325010716399998,-23.1023832231,-139.8240295311,-457.38836679,-22.4792902656,-55.7755521984,-303.8963871996,-28.325010716399998,-39.3827099151,-420.7099275975,-765.2328745404,-22.4792902656
1660946400,-28.325010716399998,-23.1023832231,-137.0815304799,-450.4759395804,-22.4792902656,-57.7329540879,-299.44602999,-28.6124030976,-40.6742424816,-418.5631316604,-763.2261154416001,-22.766877212399997
1660950000,-28.325010716399998,-23.1023832231,-134.29082955360002,-444.69571569510003,-22.4792902656,-59.4512800311,-295.0396191975,-28.6124030976,-41.9655812799,-417.83217354839996,-762.4407087804,-23.1023832231
1660953600,-28.325010716399998,-23.1023832231,-131.8304616384,-438.91120472160003,-22.4792902656,-61.2169782876,-291.3270968775,-28.9476821151,-43.3045427751,-417.1011473916,-762.0043345344001,-23.1023832231
1660957200,-28.325010716399998,-23.1023832231,-129.74805049440002,-433.80634623839995,-22.4792902656,-62.6006495775,-287.9843723319,-29.235053763899998,-44.9301444375,-415.2732843036,-759.6038010639,-23.3899494375
1660960800,-28.325010716399998,-23.1023832231,-127.28635570559999,-429.1087565271,-22.4792902656,-64.3656987504,-284.3150753136,-29.5224158439,-46.60323696,-414.1763623164,-757.9884443376,-23.7254312604
1660964400,-28.6124030976,-23.1023832231,-125.58168444,-425.09304803910004,-22.4792902656,-66.13038404310001,-280.9694609904,-29.5224158439,-48.2282150556,-413.07928722839995,-756.3727237311,-24.0129767424
1660968000,-28.6124030976,-23.1023832231,-123.4977295296,-421.07528119589995,-22.4792902656,-67.5132613884,-278.3663638896,-29.85765951,-50.2351167216,-412.3478187804,-755.1934547184,-24.0129767424
1660971600,-28.6124030976,-22.766877212399997,-121.7449145991,-417.1011473916,-22.4792902656,-69.2772975975,-275.4368832999,-30.145000857600003,-52.5281444976,-410.88467775,-753.5771046975,-24.3005126556
1660975200,-28.6124030976,-23.1023832231,-120.3234461751,-414.54201999,-22.4792902656,-71.04096992640001,-273.2041899975,-30.4802203359,-54.7728074631,-410.1987366975,-751.9603907964,-24.6359591271
1660978800,-28.9476821151,-23.1023832231,-118.61736829590001,-412.71356151,-22.4792902656,-72.8042783751,-270.9708842919,-30.767540951100003,-57.3987951516,-410.51884996440003,-752.7906406838999,-24.9234743079
1660982400,-29.235053763899998,-23.1023832231,-117.19537358790001,-410.51884996440003,-22.4792902656,-74.1860765724,-269.4816735975,-31.3900361244,-60.5011985271,-410.1987366975,-750.7803969471,-25.54639104
1660986000,-29.235053763899998,-23.3899494375,-116.1524254311,-409.46700032309997,-22.766877212399997,-76.2821711004,-268.3645869591,-31.6773264384,-63.650182131899996,-410.1987366975,-750.3433130151,-25.8338759196
1660989600,-29.5224158439,-23.3899494375,-115.10934862709999,-408.3692681775,-22.766877212399997,-78.3777510396,-267.6197774775,-32.2997559591,-66.7980079119,-410.88467775,-749.1630536316001,-26.1692628519
1660993200,-29.85765951,-23.3899494375,-113.73418719,-408.3692681775,-23.1023832231,-80.8536820764,-267.6197774775,-32.5870159719,-70.6596662016,-411.2504885244,-749.1630536316001,-26.1692628519
1660996800,-29.85765951,-23.7254312604,-112.31137116,-409.83287701589995,-23.1023832231,-83.28130093109999,-267.2473472199,-33.20937984,-74.5195805775,-412.3478187804,-749.1630536316001,-26.4567269991
1661000400,-30.145000857600003,-23.7254312604,-111.26782070040001,-412.3478187804,-23.1023832231,-86.0888602224,-267.6197774775,-33.5444802399,-79.0920356751,-413.81068763160005,-749.5564949559,-26.792089743600002
1661004000,-30.145000857600003,-23.7254312604,-110.55623526389999,-415.6388909436,-23.1023832231,-89.2284233436,-268.3645869591,-34.166775,-83.99517490560001,-414.54201999,-749.5564949559,-26.792089743600002
1661007600,-30.4802203359,-23.7254312604,-109.51246844309999,-420.02484375,-23.1023832231,-92.74716272639999,-270.2263129671,-34.4539728156,-89.2284233436,-414.90766065239995,-749.1630536316001,-27.0795331584
1661011200,-30.4802203359,-23.7254312604,-108.80073548760001,-422.5365254775,-23.1023832231,-95.8842698556,-271.7153875719,-35.12406384,-95.21891964,-416.37005319,-749.9499147503999,-27.3669670044
1661014800,-30.4802203359,-23.7254312604,-107.75675230559999,-423.99749757989997,-23.1023832231,-99.4002555504,-273.2041899975,-35.7941027676,-101.8225876431,-416.0044805724,-749.1630536316001,-27.3669670044
1661018400,-30.4802203359,-23.3899494375,-107.09233239,-423.99749757989997,-23.1023832231,-102.5349066876,-274.3206131991,-36.4162351239,-108.80073548760001,-414.90766065239995,-747.1517950703999,-27.7022943975
1661022000,-30.4802203359,-23.1023832231,-106.3803960975,-421.8059373591,-23.1023832231,-105.33611468790001,-275.0648102775,-36.7512108636,-116.4842865264,-413.81068763160005,-745.92727536,-27.9897075111
1661025600,-30.4802203359,-23.1023832231,-105.33611468790001,-418.9285851996,-22.766877212399997,-108.1363974384,-276.1344743664,-37.4211232704,-124.8713030775,-413.07928722839995,-745.1399740764,-28.325010716399998
1661029200,-30.145000857600003,-23.1023832231,-105.0038163516,-416.0044805724,-23.1023832231,-109.1803338396,-276.8785055856,-38.0431381431,-133.9123581936,-411.2504885244,-744.3088404039,-28.6124030976
1661032800,-30.145000857600003,-23.1023832231,-104.2917046311,-413.4449959356,-23.1023832231,-110.9357549391,-277.62246876,-39.0478365084,-142.9909757424,-409.83287701589995,-742.2962246678999,-28.9476821151
1661036400,-30.4802203359,-23.1023832231,-103.57953310559999,-411.2504885244,-23.1023832231,-112.6433829639,-277.9944248304,-39.6697338975,-152.7206796156,-408.7351959039,-741.11464479,-28.9476821151
1661040000,-30.145000857600003,-23.1023832231,-102.8673017751,-409.10110661910005,-23.1023832231,-114.3980861376,-278.3663638896,-40.3394193111,-163.0991701116,-406.9053871599,-738.6633428796001,-29.5224158439
1661043600,-30.4802203359,-23.1023832231,-102.5349066876,-407.6373616911,-23.1023832231,-116.4842865264,-278.7382859376,-41.34384975,-173.5118829975,-405.4412339631,-736.6491498864,-29.85765951
1661047200,-30.4802203359,-23.1023832231,-101.8225876431,-406.5393743775,-23.1023832231,-118.61736829590001,-279.1101909744,-41.9655812799,-184.6170075711,-404.3429404479,-735.0286299950999,-30.145000857600003
1661050800,-30.4802203359,-23.1023832231,-101.49015162239999,-405.80729777910005,-23.1023832231,-120.70252781190001,-279.85395001439997,-42.9698219376,-195.66036649560002,-403.61065971510004,-733.0134221775,-30.4802203359
1661054400,-30.4802203359,-23.1023832231,-101.1577025775,-405.07515313589994,-23.1023832231,-122.7871727391,-280.22580401759996,-43.6392505884,-206.0793329664,-402.5121110319,-731.8303208604,-30.767540951100003
1661058000,-30.4802203359,-23.1023832231,-100.7777448639,-404.7090552975,-23.1023832231,-124.8713030775,-280.9694609904,-44.9301444375,-216.2509775775,-401.0471412975,-729.8142204864,-31.3900361244
1661061600,-30.767540951100003,-23.1023832231,-100.44526791,-405.07515313589994,-23.1023832231,-126.95491882709999,-281.7130499184,-45.93403902359999,-227.6732693991,-400.36034304,-728.9813192439,-31.6773264384
1661065200,-30.767540951100003,-23.3899494375,-100.1127779319,-405.80729777910005,-23.3899494375,-129.03801998790001,-282.4565708016,-46.93781639189999,-238.6125693759,-399.2613414336,-727.7975576796001,-32.2997559591
1661068800,-31.0548519975,-23.3899494375,-99.7327734375,-408.0033234399,-23.3899494375,-131.4992033775,-283.9434084336,-48.2282150556,-249.8172455199,-399.2613414336,-726.9644241279,-32.9221405596
1661072400,-31.0548519975,-23.7254312604,-99.7327734375,-411.9820590396,-23.7254312604,-133.5811817991,-285.4299738864,-49.90066567109999,-259.8417669564,-398.89497354239995,-725.78033244,-33.5444802399
1661076000,-31.3900361244,-23.7254312604,-99.7327734375,-417.4666689756,-23.7254312604,-136.3721179584,-287.2413575319,-51.5250201999,-270.2263129671,-400.36034304,-724.9469665791,-34.166775
1661079600,-31.6773264384,-24.0129767424,-99.7327734375,-425.09304803910004,-24.0129767424,-138.78387652709998,-290.21300846310004,-53.1490674639,-279.482079,-401.4134092479,-724.9469665791,-34.789024839899994
1661083200,-32.0124863775,-24.3005126556,-99.7327734375,-435.26521745760004,-24.3005126556,-141.9512145276,-295.0396191975,-55.7755521984,-288.7273190871,-403.2444938319,-724.9469665791,-35.4590898159
1661086800,-32.5870159719,-24.6359591271,-99.7327734375,-447.6091202775,-24.3005126556,-144.3613735119,-299.44602999,-58.0671,-298.33305793560004,-405.07515313589994,-724.5521808384,-36.4162351239
1661090400,-33.20937984,-25.2588965916,-100.1127779319,-460.2515858319,-24.3005126556,-147.47937653190002,-305.3329584879,-60.835236524399996,-308.2979750511,-407.6373616911,-725.34173079,-37.4211232704
1661094000,-34.166775,-25.2588965916,-100.44526791,-473.6446870464,-24.6359591271,-150.9739424679,-312.3730951551,-64.3656987504,-318.2506055616,-410.51884996440003,-726.5697484284,-38.378050622399996
1661097600,-35.12406384,-25.54639104,-100.7777448639,-485.9277950271,-24.6359591271,-154.7974068924,-319.36083456,-68.2284550599,-328.9302047919,-413.07928722839995,-727.7975576796001,-39.3827099151
1661101200,-36.08124636,-25.2588965916,-101.1577025775,-494.52792743910004,-24.6359591271,-158.61912740309998,-326.3425134591,-72.4230533271,-338.4881857596,-414.1763623164,-728.1921663975,-40.3394193111
1661104800,-36.4162351239,-25.2588965916,-101.1577025775,-498.64353984,-24.9234743079,-162.76914356790002,-331.8865456431,-76.2821711004,-347.66603863589995,-414.54201999,-728.5867535855999,-41.6308083456
1661108400,-36.7512108636,-24.9234743079,-101.49015162239999,-498.64353984,-24.9234743079,-166.5872255424,-336.2728566396,-80.47281639,-354.99153203040004,-413.4449959356,-725.34173079,-42.6350880759
1661112000,-37.0861735791,-24.9234743079,-101.8225876431,-496.4277143631,-24.9234743079,-171.1101014976,-340.3338255516,-84.7089890751,-361.9882369776,-411.61628228760003,-724.1573735679,-43.9739453775
1661115600,-37.4211232704,-24.9234743079,-102.2024985759,-493.39687928160004,-25.2588965916,-175.96004643990003,-344.7155156151,-88.89549426389999,-368.5650569559,-410.51884996440003,-722.5340508155999,-44.9301444375
1661119200,-37.4211232704,-24.6359591271,-102.5349066876,-490.04800311,-25.54639104,-180.43079678040002,-347.66603863589995,-93.0799410975,-373.66639401239996,-408.7351959039,-721.3053484764,-46.268644503900006
1661122800,-37.7560599375,-24.6359591271,-102.5349066876,-485.52018231,-25.8338759196,-185.2753209975,-350.2468531911,-96.9297149376,-377.3410026204,-406.9053871599,-718.8912193359,-47.606936183100004
1661126400,-38.0431381431,-24.6359591271,-102.8673017751,-482.8928283504,-26.1692628519,-190.1170253424,-352.8268341975,-101.1577025775,-381.01391010839995,-405.80729777910005,-717.2667164316,-48.89723437439999
1661130000,-38.378050622399996,-24.6359591271,-102.8673017751,-480.2645802396,-26.1692628519,-195.33162748709998,-354.6231142896,-105.33611468790001,-384.27219068309995,-403.61065971510004,-716.0810387150999,-50.5695547479
1661133600,-38.7129500775,-24.6359591271,-103.24716592709999,-477.9981314496,-26.4567269991,-200.87148719189997,-356.8333655664,-109.51246844309999,-386.4742127919,-402.1458941151,-713.6212375839,-52.1937827559
1661137200,-38.7129500775,-24.6359591271,-103.24716592709999,-475.4589199104,-26.792089743600002,-206.4076458975,-357.9382615536,-113.73418719,-388.3087634079,-400.7266428864,-712.0394966919,-53.8177034991
1661140800,-39.0478365084,-24.6359591271,-103.57953310559999,-474.3704312256,-27.0795331584,-212.3150515191,-359.77941464160006,-117.52719375,-389.77609769910003,-399.6276923136,-709.1827031483999,-55.4413169775
1661144400,-39.3827099151,-24.6359591271,-103.57953310559999,-473.28178944,-27.3669670044,-218.5460683356,-360.88390236,-121.3658797431,-391.2431598111,-398.16218672639997,-708.3913925375999,-57.3987951516
1661148000,-39.6697338975,-24.6359591271,-103.9118872599,-472.5559431936,-27.9897075111,-225.4275114951,-362.3563144944,-125.2028218224,-391.93075148160005,-397.0628789184,-706.3687630524,-59.7853589616
1661151600,-40.0045831164,-24.9234743079,-104.2917046311,-473.6446870464,-28.325010716399998,-233.33173311,-364.1504487831,-129.4167103671,-393.7640368896,-396.69640896,-706.3687630524,-61.88498544
1661155200,-40.6742424816,-25.2588965916,-104.6240308764,-475.09610736,-28.9476821151,-241.6019799999,-365.9901665511,-133.5811817991,-394.49723197440005,-396.69640896,-704.7414572871,-64.6995860391
1661158800,-41.0090526279,-25.54639104,-105.0038163516,-479.53938892440004,-29.5224158439,-249.8172455199,-367.8294590391,-138.78387652709998,-395.23035901440005,-397.0628789184,-704.7414572871,-67.8947054556
1661162400,-41.6308083456,-25.54639104,-105.33611468790001,-487.4221907904,-30.145000857600003,-259.0961792124,-370.03604865510005,-144.3613735119,-395.9634180096,-397.79576780160005,-703.5097407759,-71.7082105116
1661166000,-42.6350880759,-26.1692628519,-106.04813869440001,-499.0504588191,-30.767540951100003,-269.4816735975,-373.66639401239996,-151.3044341616,-397.79576780160005,-399.9940261824,-703.5097407759,-75.5676512319
1661169600,-43.3045427751,-26.1692628519,-107.09233239,-514.4071836711,-31.6773264384,-280.5976410096,-379.1776690044,-159.6568244151,-398.89497354239995,-402.5121110319,-703.9056723803999,-80.47281639
1661173200,-44.5954868604,-26.4567269991,-107.75675230559999,-531.2190695484,-32.9221405596,-292.4410321911,-386.8411569375,-169.69696590360002,-401.0471412975,-406.1733445839,-705.13732191,-85.7558083431
1661176800,-46.60323696,-27.0795331584,-108.80073548760001,-550.5990830319,-34.166775,-305.3329584879,-396.3299219904,-181.1364854439,-405.07515313589994,-410.88467775,-707.1602937456,-92.03402235989999
1661180400,-49.2317244975,-27.3669670044,-110.22414159360001,-569.9297212416001,-35.4590898159,-319.36083456,-406.5393743775,-192.56030976,-409.83287701589995,-415.6388909436,-709.5783261591,-99.02021916
1661184000,-52.5281444976,-27.7022943975,-111.26782070040001,-586.2616025511,-37.0861735791,-335.53427751,-417.4666689756,-204.1091818716,-415.6388909436,-419.6594412444,-712.0394966919,-106.3803960975
1661187600,-55.7755521984,-28.325010716399998,-112.31137116,-598.4984308239,-39.3827099151,-353.1492732144,-428.0137674375,-214.2832489839,-421.8059373591,-423.2670455511,-714.0605489199,-114.3980861376
1661191200,-59.4512800311,-28.6124030976,-113.35479297239999,-605.50105116,-41.6308083456,-372.2420258679,-437.0884237296,-223.5555787671,-427.28368965510003,-424.3626980775,-714.8512423431,-122.0765561436
1661194800,-63.31625391,-28.6124030976,-114.3980861376,-606.6155133975,-43.9739453775,-392.2974425856,-444.69571569510003,-230.7134237436,-431.6175290736,-424.7278815639,-714.0605489199,-129.74805049440002
1661198400,-67.8947054556,-28.9476821151,-115.4412506556,-604.7877081455999,-46.93781639189999,-414.54201999,-451.56778372440004,-236.6969060604,-435.6298927344,-423.99749757989997,-714.0605489199,-136.7031845775
1661202000,-72.4230533271,-28.9476821151,-116.4842865264,-601.0861492191001,-49.90066567109999,-436.3591922544,-456.2973391836,-241.2283632111,-438.18214335839997,-422.5365254775,-712.8304101975,-144.03060831
1661205600,-77.3300253936,-29.235053763899998,-117.19537358790001,-596.6240075991001,-53.1490674639,-459.5245190319,-460.61509371510004,-244.59030190709998,-440.3235674775,-421.4406177831,-711.2045501184,-150.2657021244
1661209200,-82.23417758789999,-29.235053763899998,-117.90640084440001,-592.56114879,-56.7304382064,-483.6630074871,-464.6125576911,-247.2041904879,-442.1455935975,-420.34455698790003,-711.2045501184,-157.2038786991
1661212800,-87.5160779004,-29.5224158439,-118.61736829590001,-588.4960888911,-60.835236524399996,-508.7649006336,-467.1553266975,-249.07074342389998,-443.23860513510004,-418.5631316604,-709.5783261591,-163.4763273564
1661216400,-92.4143713311,-29.5224158439,-119.6600123775,-585.5017258224,-65.0811555639,-533.82992796,-469.28879303040003,-250.93687107990002,-443.23860513510004,-417.1011473916,-707.5560267975,-169.36719984389998
1661220000,-96.9297149376,-29.85765951,-120.3234461751,-582.1931321723999,-69.61099324439999,-558.4090424079,-471.46704624,-252.4294670031,-443.23860513510004,-415.6388909436,-706.3687630524,-174.9243726975
1661223600,-101.49015162239999,-29.85765951,-121.0342102896,-579.59889264,-74.1860765724,-583.3110630999,-473.28178944,-254.2948291551,-443.23860513510004,-415.2732843036,-706.3687630524,-180.80717151
1661227200,-105.6684,-30.145000857600003,-121.7449145991,-577.36176159,-79.0920356751,-606.9721062279,-474.0075676416,-255.0408549375,-442.5099477879,-413.4449959356,-703.5097407759,-185.980599
1661230800,-109.51246844309999,-30.145000857600003,-122.0765561436,-576.6009856599,-84.3282956271,-630.6029181696,-475.8217154496,-256.5327023679,-442.5099477879,-412.71356151,-702.3218167836,-190.8218926839
1661234400,-113.35479297239999,-30.4802203359,-122.7871727391,-575.8848910839,-89.6088977724,-653.7601572636,-477.6354379776,-257.60479959,-442.5099477879,-411.9820590396,-701.4857541158999,-195.66036649560002
1661238000,-117.19537358790001,-31.0548519975,-123.8293022319,-577.36176159,-94.8386961264,-675.0344160758999,-478.7687985951,-259.46898159,-442.1455935975,-411.2504885244,-700.6936062351,-200.49602043509998
1661241600,-121.0342102896,-32.0124863775,-124.5397713084,-579.9567719424,-100.7777448639,-695.1461597319001,-481.3975554471,-262.82343748439996,-442.1455935975,-411.9820590396,-700.2975,-205.7510070111
1661245200,-125.58168444,-33.5444802399,-125.58168444,-587.7364380924,-107.09233239,-717.2667164316,-484.3878117975,-267.99219072389997,-442.5099477879,-413.4449959356,-700.2975,-211.33077696
1661248800,-130.78932039,-35.7941027676,-126.6234689244,-600.6846653184,-114.7774335744,-740.67697344,-488.5541160879,-275.0648102775,-442.5099477879,-415.6388909436,-700.6936062351,-217.89039324
1661252400,-28.325010716399998,-38.7129500775,-127.6651247616,-614.7237916119,-24.0129767424,-765.2328745404,-493.03490878559995,-282.8283057264,-445.7883699975,-418.9285851996,-701.8817957616001,-226.1761655079
1661256000,-27.0795331584,-41.9655812799,-128.7066519516,-630.6029181696,-24.0129767424,-792.4863410544,-500.90392839,-292.4410321911,-450.8399046396,-424.3626980775,-703.1137876416001,-235.57533484439998
1661259600,-30.145000857600003,-44.9301444375,-130.0793775975,-644.2309860231,-24.0129767424,-816.0419682471,-509.5324951311,-301.30064319,-455.2061584764,-428.0137674375,-705.13732191,-244.96376559509997
1661263200,-30.4802203359,-48.2282150556,-131.4992033775,-655.9744826736,-23.7254312604,-840.3392932599,-518.1513652223999,-309.7800750639,-459.5245190319,-431.2526666736,-707.5560267975,-254.6678505519
1661266800,-30.4802203359,-51.1906193856,-132.8714742396,-665.1347197239,-23.7254312604,-864.5526669375,-526.3550884956,-317.51036784,-463.1591725839,-433.07680856160005,-708.7870586078999,-263.19606975
1661270400,-30.4802203359,-54.1520019804,-134.29082955360002,-672.4723814031,-23.7254312604,-888.6820892799001,-533.82992796,-324.1700577216,-466.06567061910005,-434.53581587040003,-710.41345959,-272.0876136951
1661274000,-30.4802203359,-55.7755521984,-135.3315380796,-675.7851878256,-23.7254312604,-911.91600624,-540.8927655519,-329.2998069375,-469.28879303040003,-435.994551,-712.0394966919,-279.85395001439997
1661277600,-30.4802203359,-56.109774395100004,-136.3721179584,-675.7851878256,-23.7254312604,-935.0715523358999,-546.1069591719,-332.6254607439,-471.46704624,-435.994551,-711.6000630878999,-286.1267077479
1661281200,-30.767540951100003,-55.7755521984,-137.0815304799,-672.1189271391,-23.3899494375,-955.5601715775,-550.2398109375,-333.7337058111,-472.91887482239997,-434.9005251696,-711.2045501184,-291.6984256599
1661284800,-30.767540951100003,-55.4413169775,-138.1218939975,-666.9919286775,-23.3899494375,-974.7597826044,-553.5624287271,-334.0569151164,-473.6446870464,-433.07680856160005,-709.5783261591,-295.73552775
1661288400,-30.767540951100003,-54.7728074631,-138.78387652709998,-661.8613536111,-23.3899494375,-992.6386503831,-555.8066167671,-334.0569151164,-474.73327779839997,-431.9823744624,-709.1827031483999,-299.44602999
1661292000,-31.0548519975,-54.1520019804,-139.4930857116,-655.9744826736,-23.3899494375,-1008.8279277975,-558.0501403071,-333.3643077999,-474.73327779839997,-430.52289084,-708.3913925375999,-302.4132069756
1661295600,-31.0548519975,-53.8177034991,-140.2022350911,-651.5894736639,-23.3899494375,-1022.07893184,-558.7679274975,-332.6254607439,-474.3704312256,-429.79304696160006,-707.1602937456,-305.00859375
1661299200,-31.3900361244,-53.483391993599994,-140.8640538879,-648.2657627963999,-23.3899494375,-1035.3035618775,-560.2929993471,-332.2560116991,-474.0075676416,-428.0137674375,-706.3687630524,-306.8156028591
1661302800,-31.3900361244,-53.1490674639,-141.5730876444,-643.4769925116001,-23.3899494375,-1045.1942568831,-560.6517951279,-331.5170625759,-473.28178944,-427.28368965510003,-706.7645391638999,-309.4095755775
1661306400,-31.6773264384,-53.1490674639,-142.2820615959,-640.9039659456,-23.3899494375,-1054.2756029184,-560.6517951279,-330.7780454079,-472.5559431936,-425.4581975031,-703.9056723803999,-310.5210230031
1661310000,-31.6773264384,-52.81472991,-142.9909757424,-638.3300452284,-23.3899494375,-1063.3026695616,-561.3693356558999,-330.7780454079,-471.8300289024,-424.7278815639,-703.5097407759,-312.3730951551
1661313600,-32.0124863775,-52.81472991,-143.6525749884,-636.8651739975,-23.7254312604,-1070.6906045151,-561.7729223004,-330.4085113071,-470.37799618559995,-423.2670455511,-702.3218167836,-314.2247420271
1661317200,-32.0124863775,-52.81472991,-144.03060831,-635.75523036,-23.7254312604,-1077.6951788751,-562.13164791,-330.7780454079,-469.28879303040003,-422.5365254775,-701.4857541158999,-315.65947584
1661320800,-32.2997559591,-52.81472991,-144.6921256896,-635.0447792496,-23.7254312604,-1084.2343391676,-562.4903565083999,-330.7780454079,-469.28879303040003,-421.8059373591,-700.2975,-317.1402234624
1661324400,-32.2997559591,-53.483391993599994,-145.7315477436,-636.5100101079,-23.7254312604,-1090.3926440316,-563.6112112359,-331.8865456431,-468.56257253760003,-422.1712399239,-699.9013722351,-318.9907752384
1661328000,-32.9221405596,-55.4413169775,-146.81807870309999,-639.0845628975,-24.0129767424,-1095.2984723903999,-565.0904851056,-333.7337058111,-467.4731142144,-422.1712399239,-699.9013722351,-321.210876
1661331600,-33.20937984,-58.0671,-147.47937653190002,-644.9405568039,-24.3005126556,-1100.61586416,-567.3312576156,-337.38059775,-468.56257253760003,-423.6322800711,-700.6936062351,-324.4936521711
1661335200,-33.5444802399,-61.88498544,-148.1878521084,-655.6202352624,-24.6359591271,-1107.5468514159,-570.2880598464,-342.91700679,-468.92569128959997,-424.7278815639,-700.6936062351,-328.9302047919
1661338800,-27.3669670044,-65.7488612991,-148.8962678799,-669.5558749839,-23.3899494375,-1118.5713203679,-574.4077311216,-349.8782164311,-470.37799618559995,-428.3787808119,-701.8817957616001,-334.4262812316
1661342400,-26.4567269991,-68.2284550599,-150.2657021244,-683.11221591,-23.3899494375,-1132.3874414559,-579.9567719424,-357.20168124,-473.28178944,-413.4449959356,-703.5097407759,-340.70290247639997
1661346000,-27.7022943975,-68.56219164,-151.3044341616,-692.9876798076,-23.3899494375,-1145.3904461244001,-585.9040230711,-363.78245419589996,-476.91,-435.994551,-705.13732191,-346.9285099479
1661349600,-28.6124030976,-67.8947054556,-152.3430375516,-701.0896909403999,-23.1023832231,-1157.1735051264,-592.2038691324,-369.3005868279,-478.7687985951,-438.18214335839997,-706.7645391638999,-352.4583165159
1661353200,-29.235053763899998,-67.8947054556,-153.7591075776,-708.7870586078999,-23.1023832231,-1168.8937371399002,-596.9810767431,-374.0339314236,-481.03502145510004,-439.95911121989997,-707.9517383196,-357.9382615536
1661356800,-29.235053763899998,-67.5132613884,-154.41985839,-713.6212375839,-23.1023832231,-1181.0434733751,-602.2012693116001,-378.4430534844,-482.5303645296,-441.4168341831,-709.97392764,-363.0464139879
1661360400,-29.235053763899998,-66.7980079119,-155.1277478775,-715.6418496471001,-23.1023832231,-1191.9010134396,-606.9721062279,-381.3811072956,-484.3878117975,-442.1455935975,-711.6000630878999,-367.8294590391
1661364000,-29.235053763899998,-65.0811555639,-155.83557756,-714.0605489199,-22.766877212399997,-1201.5955300791,-610.3143367104,-382.4367044511,-484.3878117975,-441.4168341831,-709.97392764,-369.66832624709997
1661367600,-29.235053763899998,-63.31625391,-156.5433474375,-709.1827031483999,-22.766877212399997,-1210.0098593919001,-613.2542627676,-382.4367044511,-484.0254181479,-440.3235674775,-709.5783261591,-372.2420258679
1661371200,-29.235053763899998,-61.88498544,-157.2038786991,-703.5097407759,-22.766877212399997,-1216.4559249375,-614.7237916119,-381.3811072956,-483.25527516,-438.91120472160003,-708.7870586078999,-373.29883959
1661374800,-29.235053763899998,-60.5011985271,-157.91153295360002,-697.7002703751,-22.766877212399997,-1221.2657468679,-615.4807086576001,-380.2794647004,-482.1678836976,-437.81758716,-708.3913925375999,-374.0339314236
1661378400,-29.235053763899998,-59.4512800311,-158.2417511391,-692.2386703119,-22.766877212399997,-1226.4789960711,-616.2375488871,-378.81036975,-480.2645802396,-436.3591922544,-707.5560267975,-374.4014518236
1661382000,-29.5224158439,-58.7353527516,-159.27949493190002,-687.8752652603999,-22.766877212399997,-1230.0605787350999,-616.2375488871,-377.7083699196,-478.4061412719,-434.9005251696,-706.7645391638999,-374.7689552124
1661385600,-29.5224158439,-58.0671,-159.6568244151,-683.8180484796,-22.766877212399997,-1233.2741098224,-616.9497989319,-376.97361831,-476.1844939776,-433.80634623839995,-705.9289865664,-375.13644159
1661389200,-29.5224158439,-57.7329540879,-159.9869737584,-680.1558029679001,-22.766877212399997,-1235.6730066639,-616.2375488871,-375.8713633116,-473.6446870464,-432.7120142064,-704.7414572871,-374.7689552124
1661392800,-29.85765951,-57.3987951516,-160.6943927799,-677.2423489959,-22.766877212399997,-1938.8792062839002,-615.8368783344,-375.13644159,-471.46704624,-431.9823744624,-703.9056723803999,-374.7689552124
1661396400,-30.145000857600003,-57.0646231911,-161.02450119,-675.4318930416,-22.766877212399997,-2298.1808445879,-615.4807086576001,-374.7689552124,-468.1994367744,-430.52289084,-702.3218167836,-375.13644159
1661400000,-30.145000857600003,-57.0646231911,-161.7318324975,-673.5768163356,-22.766877212399997,-2296.4655023775,-615.1245219696,-374.0339314236,-466.06567061910005,-430.52289084,-703.1137876416001,-375.13644159
1661403600,-30.4802203359,-56.7304382064,-162.0618999744,-672.4723814031,-22.766877212399997,-2326.8059839164002,-615.1245219696,-374.0339314236,-463.5225443775,-428.74377717510004,-700.6936062351,-375.13644159
1661407200,-30.767540951100003,-57.3987951516,-162.76914356790002,-673.2234152316,-22.766877212399997,-2341.6139758431,-615.4807086576001,-374.4014518236,-461.7055152975,-428.74377717510004,-700.2975,-375.8713633116
1661410800,-31.0548519975,-58.4012328879,-163.4763273564,-674.6810851431,-22.766877212399997,-2359.1946231110996,-616.2375488871,-375.13644159,-459.8880609375,-428.3787808119,-700.2975,-376.6062169884
1661414400,-31.3900361244,-61.2169782876,-164.5134220656,-678.3460662683999,-23.1023832231,-2365.3944075324,-617.3504096796,-377.3410026204,-458.0701812975,-428.74377717510004,-700.2975,-378.0757202076
1661418000,-31.6773264384,-64.6995860391,-165.2204583351,-685.6705352304,-23.1023832231,-2386.8076188095997,-618.8191315551001,-379.9122164796,-457.02470793239996,-429.79304696160006,-700.2975,-380.64669591
1661421600,-32.0124863775,-68.2284550599,-165.8803048959,-696.6435054519001,-23.3899494375,-2409.7722651323998,-622.5119100444,-385.7402734671,-456.66103206360003,-431.6175290736,-701.0896909403999,-384.27219068309995
1661425200,-25.2588965916,-71.3745967311,-166.9171013775,-712.4349642096,-22.766877212399997,-2427.5931761775,-626.2028574375,-391.93075148160005,-458.0701812975,-435.26521745760004,-702.3218167836,-389.40928964309995
1661428800,-25.2588965916,-72.0894674556,-167.9537692119,-726.9644241279,-22.766877212399997,-2445.3316230384,-632.0690261679,-399.2613414336,-459.8880609375,-441.05242895910004,-704.3455711344001,-395.23035901440005
1661432400,-24.9234743079,-70.3260114879,-168.6605144304,-738.2693058975,-22.766877212399997,-2415.3481569023998,-637.97495151,-405.07515313589994,-426.9186252471,-441.05242895910004,-706.7645391638999,-400.7266428864
1661436000,-28.6124030976,-68.56219164,-170.0738254524,-746.7144905244,-22.766877212399997,-2442.0258582384,-643.1221454555999,-409.46700032309997,-361.9882369776,-438.5466825456,-708.7870586078999,-405.80729777910005
1661439600,-29.235053763899998,-67.8947054556,-170.7332887296,-753.1838834555999,-22.766877212399997,-2467.4124067671,-648.62036319,-413.07928722839995,-307.92740751990004,-432.34720284,-710.8090156191,-409.83287701589995
1661443200,-29.5224158439,-67.1794838751,-171.4397987151,-756.3727237311,-22.766877212399997,-2500.0,-653.05143279,-416.0044805724,-265.4315061084,-424.3626980775,-712.4349642096,-413.81068763160005
1661446800,-29.5224158439,-65.7488612991,-172.47590517990002,-756.3727237311,-22.4792902656,-2500.0,-656.7272019398999,-417.4666689756,-231.8356583964,-415.2732843036,-712.4349642096,-416.37005319
1661450400,-29.85765951,-63.650182131899996,-172.80554844,-752.3536790199,-22.4792902656,-2500.0,-659.2947248511,-417.4666689756,-207.3925065456,-406.1733445839,-712.4349642096,-418.19766111
1661454000,-29.85765951,-61.550988375900005,-172.80554844,-745.1399740764,-22.4792902656,-2500.0,-661.1091585024,-416.37005319,-188.0490694656,-397.0628789184,-712.0394966919,-418.9285851996
1661457600,-29.85765951,-59.7853589616,-173.5118829975,-738.2693058975,-22.19169375,-2500.0,-661.5073890111,-414.54201999,-172.47590517990002,-389.04246457589994,-711.2045501184,-418.5631316604
1661461200,-29.85765951,-58.4012328879,-173.8885703079,-730.9976519271,-22.19169375,-2500.0,-661.5073890111,-413.07928722839995,-159.9869737584,-382.06955617110003,-710.8090156191,-418.5631316604
1661464800,-30.145000857600003,-57.3987951516,-174.21815775,-723.3238208496001,-22.19169375,-2500.0,-661.5073890111,-411.2504885244,-149.22684144,-375.13644159,-709.97392764,-417.83217354839996
1661468400,-30.4802203359,-56.7304382064,-174.9243726975,-717.6618992775,-22.19169375,-2500.0,-661.1091585024,-410.1987366975,-139.8240295311,-368.9328303975,-708.7870586078999,-417.1011473916
1661472000,-30.4802203359,-55.7755521984,-174.9243726975,-712.4349642096,-22.4792902656,-2500.0,-660.4011399936,-408.3692681775,-132.20902656,-362.724375,-707.9517383196,-416.37005319
1661475600,-30.767540951100003,-55.4413169775,-175.25391920639998,-707.9517383196,-22.19169375,-2500.0,-659.2947248511,-406.9053871599,-125.2028218224,-356.8333655664,-706.7645391638999,-416.0044805724
1661479200,-30.767540951100003,-55.4413169775,-175.5834526911,-703.9056723803999,-22.19169375,-2500.0,-658.1881435836,-405.80729777910005,-118.94913264,-352.0897818231,-705.5331650031,-415.2732843036
1661482800,-31.0548519975,-55.107068732399995,-175.96004643990003,-701.4857541158999,-22.19169375,-2500.0,-657.0813961911,-404.7090552975,-113.73418719,-346.9285099479,-704.3455711344001,-414.90766065239995
1661486400,-31.0548519975,-55.107068732399995,-176.2895520156,-698.8009043676,-22.19169375,-2500.0,-655.9744826736,-403.9768085871,-109.1803338396,-342.5480319324,-703.5097407759,-415.2732843036
1661490000,-31.3900361244,-54.7728074631,-176.2895520156,-697.3480324119,-22.19169375,-2500.0,-655.26597084,-403.9768085871,-105.0038163516,-338.11900676759996,-701.8817957616001,-414.54201999
1661493600,-31.3900361244,-54.7728074631,-176.6190445671,-696.9957774375,-22.4792902656,-2500.0,-655.26597084,-403.61065971510004,-101.49015162239999,-334.79563033560004,-701.8817957616001,-414.54201999
1661497200,-31.6773264384,-55.7755521984,-177.32505617759998,-698.09651775,-22.4792902656,-2500.0,-655.26597084,-404.3429404479,-97.9750313724,-331.1475624975,-701.4857541158999,-414.90766065239995
1661500800,-32.0124863775,-58.0671,-178.0310079831,-701.0896909403999,-22.4792902656,-2500.0,-655.6202352624,-405.4412339631,-95.21891964,-328.9302047919,-701.0896909403999,-415.6388909436
1661504400,-32.2997559591,-61.88498544,-178.7368999836,-708.7870586078999,-22.766877212399997,-2500.0,-657.8340024924,-408.7351959039,-92.4143713311,-326.7122346831,-700.6936062351,-417.83217354839996
1661508000,-32.5870159719,-66.13038404310001,-179.39567856,-721.3053484764,-22.766877212399997,-2500.0,-660.7551577536,-414.1763623164,-89.9417989431,-325.9727752239,-701.4857541158999,-421.07528119589995
1661511600,-25.8338759196,-70.3260114879,-180.43079678040002,-739.4951280278999,-22.4792902656,-2500.0,-664.4270882198999,-420.02484375,-88.1820309504,-328.1909494671,-702.3218167836,-425.82332995589996
1661515200,-25.8338759196,-72.8042783751,-181.4657863536,-756.3727237311,-22.4792902656,-2500.0,-669.9094525791,-426.5535438279,-86.4694749936,-332.6254607439,-704.7414572871,-431.2526666736
1661518800,-25.8338759196,-71.04096992640001,-182.5006472796,-769.2447054396,-22.4792902656,-2500.0,-674.3277371991,-430.88778726239997,-85.0420818876,-337.38059775,-707.1602937456,-436.7238164976
1661522400,-28.6124030976,-68.9435889264,-183.20616051509998,-779.2644401136,-22.4792902656,-2500.0,-681.2590816704001,-435.994551,-83.28130093109999,-337.38059775,-709.97392764,-441.4168341831
1661526000,-29.235053763899998,-66.7980079119,-184.2408050799,-785.2695317244,-22.4792902656,-2500.0,-686.3761211376,-438.91120472160003,-80.47281639,-331.8865456431,-711.2045501184,-445.4241689079
1661529600,-29.5224158439,-64.3656987504,-184.9461707964,-787.2701040624,-22.4792902656,-2500.0,-690.4319196096001,-440.3235674775,-78.0443977431,-324.1700577216,-712.8304101975,-447.9732192999
1661533200,-29.85765951,-61.88498544,-185.6514767079,-785.2695317244,-22.4792902656,-2500.0,-692.9876798076,-440.3235674775,-75.5676512319,-315.65947584,-713.2258346556,-449.38394233559995
1661536800,-29.85765951,-59.4512800311,-185.980599,-779.6562308199001,-22.19169375,-2500.0,-694.0890248151,-439.5946379511,-73.1378363376,-306.4449672831,-712.0394966919,-449.74795842839995
1661540400,-29.85765951,-57.3987951516,-185.980599,-772.4699803584,-22.19169375,-2500.0,-694.4414201319,-437.81758716,-70.6596662016,-298.7040656316,-712.0394966919,-449.74795842839995
1661544000,-30.145000857600003,-55.7755521984,-186.30970826790002,-764.8402920159,-22.19169375,-2500.0,-694.0890248151,-435.994551,-68.56219164,-290.9557510839,-710.41345959,-448.6558591164
1661547600,-30.145000857600003,-54.1520019804,-186.6858171975,-757.2024635483999,-22.19169375,-2500.0,-693.69255975,-434.17108956,-66.7980079119,-284.3150753136,-709.97392764,-447.9732192999
1661551200,-30.145000857600003,-53.1490674639,-186.6858171975,-749.9499147503999,-22.19169375,-2500.0,-692.5911549375,-431.9823744624,-65.0811555639,-277.9944248304,-708.7870586078999,-446.88087119910006
1661554800,-30.4802203359,-52.1937827559,-187.0148985564,-743.9151120156,-22.19169375,-2500.0,-690.7844914176,-430.1579774064,-63.31625391,-272.0876136951,-707.9517383196,-445.7883699975
1661558400,-30.4802203359,-51.5250201999,-187.0148985564,-737.8752473856,-22.19169375,-2500.0,-689.6826480351,-428.74377717510004,-61.550988375900005,-266.8748999511,-706.3687630524,-444.69571569510003
1661562000,-30.4802203359,-50.90397975,-187.0148985564,-732.6190766016,-22.19169375,-2500.0,-687.8752652603999,-426.9186252471,-60.167147505600006,-261.7054386204,-704.7414572871,-443.23860513510004
1661565600,-30.767540951100003,-50.2351167216,-187.0148985564,-728.1921663975,-22.19169375,-2500.0,-685.31771676,-425.4581975031,-58.7353527516,-257.23191215639997,-703.9056723803999,-442.5099477879
1661569200,-30.767540951100003,-49.566201596400006,-187.39097559,-724.9469665791,-22.19169375,-2500.0,-683.8180484796,-424.7278815639,-57.3987951516,-253.1756628975,-702.3218167836,-441.7812223959
1661572800,-31.0548519975,-49.2317244975,-187.39097559,-721.7441946624001,-22.19169375,-2500.0,-682.3621942479,-423.2670455511,-56.3962401975,-249.07074342389998,-700.6936062351,-440.3235674775
1661576400,-31.0548519975,-48.89723437439999,-187.72002903990003,-720.1203310071,-22.19169375,-2500.0,-680.90605056,-422.5365254775,-55.107068732399995,-245.3372122719,-699.5492405919,-439.5946379511
1661580000,-31.3900361244,-48.89723437439999,-187.72002903990003,-719.2863136704,-22.19169375,-2500.0,-680.1558029679001,-422.1712399239,-54.1520019804,-241.9755797775,-698.4487195644,-438.91120472160003
1661583600,-31.3900361244,-49.566201596400006,-188.4250997184,-719.6813864751,-22.4792902656,-2500.0,-679.8027186975,-422.5365254775,-53.483391993599994,-239.7337259439,-698.8009043676,-438.91120472160003
1661587200,-31.6773264384,-51.5250201999,-188.7541122351,-723.3238208496001,-22.4792902656,-2500.0,-680.1558029679001,-423.6322800711,-52.5281444976,-237.07072911,-698.4487195644,-439.5946379511
1661590800,-32.0124863775,-54.7728074631,-189.4590951996,-730.60319631,-22.4792902656,-2500.0,-681.6562213359,-426.5535438279,-51.5250201999,-235.20144375,-698.09651775,-441.4168341831
1661594400,-32.2997559591,-59.117188076400005,-190.1170253424,-741.5085262791,-22.4792902656,-2500.0,-684.5679210279,-431.2526666736,-50.90397975,-234.82753564439997,-698.09651775,-445.0599508071
1661598000,-26.4567269991,-63.650182131899996,-190.8218926839,-757.9884443376,-22.4792902656,-2500.0,-688.9332996444,-437.4530139504,-50.2351167216,-236.6969060604,-698.8009043676,-449.38394233559995
1661601600,-26.1692628519,-62.2666804224,-191.52670022040002,-772.4699803584,-22.19169375,-2500.0,-692.5911549375,-441.4168341831,-49.90066567109999,-241.2283632111,-698.8009043676,-452.65947476760005
1661605200,-25.8338759196,-56.7304382064,-191.8555899375,-778.8726278775,-22.19169375,-2500.0,-696.2471791344,-443.23860513510004,-24.3005126556,-240.8547294111,-702.7178129775,-456.2973391836
1661608800,-28.325010716399998,-52.81472991,-191.52670022040002,-778.8726278775,-22.19169375,-2500.0,-696.6435054519001,-442.8742849671,-24.3005126556,-231.46159719,-701.4857541158999,-456.2973391836
1661612400,-28.9476821151,-49.90066567109999,-192.56030976,-777.6535187919001,-22.19169375,-2500.0,-699.5492405919,-443.23860513510004,-24.3005126556,-219.8572622364,-703.9056723803999,-457.02470793239996
1661616000,-29.235053763899998,-48.89723437439999,-192.88915854389998,-774.8662012239,-22.19169375,-2500.0,-700.2975,-442.8742849671,-24.3005126556,-208.7054717376,-703.5097407759,-457.02470793239996
1661619600,-29.5224158439,-47.606936183100004,-193.2649697775,-770.8575248391,-22.19169375,-2500.0,-700.6936062351,-441.4168341831,-24.3005126556,-198.1020199644,-702.7178129775,-456.66103206360003
1661623200,-29.5224158439,-46.268644503900006,-193.2649697775,-766.017975,-22.19169375,-2500.0,-699.9013722351,-440.3235674775,-24.3005126556,-188.0490694656,-701.4857541158999,-456.2973391836
1661626800,-29.5224158439,-44.9301444375,-193.5937906524,-760.8259913031,-21.9040876656,-2500.0,-699.1970919375,-438.91120472160003,-24.0129767424,-179.39567856,-701.4857541158999,-455.56990239
1661630400,-29.85765951,-43.9739453775,-193.5937906524,-755.5865659191,-21.9040876656,-2500.0,-698.4487195644,-437.4530139504,-24.0129767424,-171.7694829084,-699.5492405919,-453.75101271
1661634000,-29.85765951,-42.9698219376,-193.5937906524,-749.9499147503999,-21.9040876656,-2500.0,-696.9957774375,-435.994551,-24.0129767424,-165.8803048959,-698.4487195644,-453.0233377596
1661637600,-29.85765951,-41.6308083456,-193.5937906524,-744.7025472624,-21.9040876656,-2500.0,-695.1461597319001,-434.17108956,-24.0129767424,-160.3642713456,-697.7002703751,-451.56778372440004
1661641200,-30.145000857600003,-41.0090526279,-193.5937906524,-741.11464479,-21.9040876656,-2500.0,-693.69255975,-433.07680856160005,-24.0129767424,-155.5052644839,-696.9957774375,-450.4759395804
1661644800,-30.145000857600003,-40.3394193111,-193.5937906524,-737.4811673439,-21.9040876656,-2500.0,-692.2386703119,-431.9823744624,-24.0129767424,-150.9739424679,-695.1461597319001,-449.0199092316
1661648400,-30.145000857600003,-39.3827099151,-193.5937906524,-734.6343944603999,-21.9040876656,-2500.0,-691.1370462144,-431.2526666736,-24.0129767424,-147.1487341296,-694.4414201319,-447.6091202775
1661652000,-30.4802203359,-39.0478365084,-193.9225985031,-733.0134221775,-21.9040876656,-2500.0,-689.3300230671001,-430.1579774064,-24.0129767424,-143.6525749884,-692.5911549375,-446.88087119910006
1661655600,-30.145000857600003,-38.378050622399996,-193.5937906524,-731.4359106950999,-21.9040876656,-2500.0,-687.8752652603999,-429.4737188679,-23.7254312604,-140.5331510016,-691.8861686751,-445.4241689079
1661659200,-30.4802203359,-38.0431381431,-193.9225985031,-730.9976519271,-21.9040876656,-2500.0,-686.7729833079001,-429.4737188679,-23.7254312604,-137.74359487590002,-691.1370462144,-445.0599508071
1661662800,-30.4802203359,-37.7560599375,-193.9225985031,-730.9976519271,-21.9040876656,-2500.0,-686.0233366896,-429.1087565271,-23.7254312604,-134.9531135004,-689.6826480351,-444.33146357190003
1661666400,-30.4802203359,-37.4211232704,-194.62714289759998,-731.8303208604,-22.19169375,-2500.0,-685.31771676,-429.1087565271,-23.7254312604,-133.24999238040002,-689.3300230671001,-443.6029082919
1661670000,-30.767540951100003,-37.4211232704,-194.95590981509997,-734.2401373959,-22.19169375,-2500.0,-685.31771676,-429.4737188679,-24.0129767424,-131.4992033775,-689.3300230671001,-443.23860513510004
1661673600,-31.0548519975,-37.4211232704,-195.66036649560002,-736.6491498864,-22.19169375,-2500.0,-686.0233366896,-430.52289084,-24.0129767424,-129.4167103671,-688.2279603996001,-443.23860513510004
1661677200,-31.0548519975,-38.378050622399996,-195.98909247990002,-741.9023862383999,-22.19169375,-2500.0,-687.1257316071,-431.9823744624,-24.3005126556,-127.6651247616,-688.2279603996001,-444.69571569510003
1661680800,-31.3900361244,-40.0045831164,-196.3647633711,-748.7258713536,-22.4792902656,-2500.0,-688.9332996444,-434.17108956,-24.3005126556,-126.6234689244,-688.2279603996001,-445.7883699975
1661684400,-26.4567269991,-23.7254312604,-197.0691004416,-757.9884443376,-22.4792902656,-1538.1449949564,-692.2386703119,-437.81758716,-24.3005126556,-126.2446530876,-687.1257316071,-448.6558591164
1661688000,-26.4567269991,-23.7254312604,-197.0691004416,-766.45410471,-22.19169375,-1500.7110565823998,-696.2471791344,-441.7812223959,-24.6359591271,-126.6234689244,-687.1257316071,-432.7120142064
1661691600,-25.8338759196,-24.3005126556,-197.39777060790001,-771.6420081111,-22.19169375,-1454.0206292976002,-701.0896909403999,-443.6029082919,-24.0129767424,-126.2446530876,-689.6826480351,-454.8423975516
1661695200,-29.235053763899998,-24.0129767424,-197.72642775,-772.0777949391,-22.19169375,-1427.6197142255999,-703.5097407759,-444.33146357190003,-24.0129767424,-120.70252781190001,-691.489584,-455.9336292924
1661698800,-29.5224158439,-24.0129767424,-197.72642775,-771.24977724,-22.19169375,-1406.5153090551,-704.7414572871,-444.69571569510003,-24.0129767424,-114.0661431759,-691.489584,-456.66103206360003
1661702400,-29.85765951,-24.0129767424,-197.72642775,-768.0239515836,-22.19169375,-1387.8329276199,-705.9289865664,-444.69571569510003,-24.0129767424,-107.4245488599,-692.9876798076,-457.7520086364
1661706000,-30.145000857600003,-24.0129767424,-198.1020199644,-763.6187864775,-22.19169375,-1366.9831732224,-706.7645391638999,-444.33146357190003,-23.7254312604,-101.49015162239999,-691.8861686751,-457.38836679
1661709600,-30.145000857600003,-24.0129767424,-197.72642775,-759.2109099456,-22.19169375,-1351.9658706975,-705.9289865664,-443.6029082919,-23.7254312604,-95.8842698556,-691.8861686751,-457.02470793239996
1661713200,-30.4802203359,-24.0129767424,-198.1020199644,-754.8003219878999,-22.19169375,-1344.8224127856,-705.13732191,-442.1455935975,-23.7254312604,-90.9879749751,-690.7844914176,-456.2973391836
1661716800,-30.4802203359,-24.0129767424,-198.1020199644,-749.9499147503999,-22.19169375,-1332.6709926383999,-704.3455711344001,-441.4168341831,-23.7254312604,-87.13550991,-690.0352559919,-454.8423975516
1661720400,-30.767540951100003,-24.0129767424,-198.1020199644,-745.92727536,-22.19169375,-1320.6954699039,-703.1137876416001,-440.3235674775,-23.7254312604,-83.28130093109999,-690.0352559919,-454.1148246684
1661724000,-30.767540951100003,-24.0129767424,-198.1020199644,-743.1275906496,-22.19169375,-1309.6602148764,-701.8817957616001,-439.5946379511,-23.3899494375,-79.80626050560001,-689.3300230671001,-453.0233377596
1661727600,-30.767540951100003,-24.0129767424,-198.1020199644,-740.2830464991,-21.9040876656,-1293.4119654396002,-700.2975,-438.5466825456,-23.3899494375,-77.3300253936,-688.5806385276,-452.29559476440005
1661731200,-30.767540951100003,-23.7254312604,-198.1020199644,-737.0432753799,-21.9040876656,-1281.1166025231,-699.1970919375,-437.4530139504,-23.3899494375,-74.5195805775,-688.2279603996001,-451.56778372440004
1661734800,-30.767540951100003,-23.7254312604,-198.1020199644,-735.86083431,-21.9040876656,-1270.3732479039,-698.09651775,-436.7238164976,-23.3899494375,-72.0894674556,-687.8752652603999,-450.4759395804
1661738400,-31.0548519975,-23.7254312604,-198.1020199644,-734.2401373959,-22.19169375,-1258.4366310144,-696.6435054519001,-436.3591922544,-23.3899494375,-69.99234375,-687.1257316071,-449.38394233559995
1661742000,-31.0548519975,-23.7254312604,-197.72642775,-733.0134221775,-22.19169375,-1246.0710623439,-695.894871,-435.994551,-23.3899494375,-68.2284550599,-686.3761211376,-449.38394233559995
1661745600,-31.0548519975,-23.7254312604,-197.39777060790001,-732.2247094959,-21.9040876656,-1235.6730066639,-694.4414201319,-435.6298927344,-23.3899494375,-66.13038404310001,-685.6705352304,-448.3373013111
1661749200,-31.0548519975,-23.7254312604,-197.72642775,-733.0134221775,-21.9040876656,-1225.6647129471,-693.3401282844001,-435.26521745760004,-23.3899494375,-64.6995860391,-685.6705352304,-447.9732192999
1661752800,-31.0548519975,-23.7254312604,-197.72642775,-733.4515586775,-21.9040876656,-1216.4559249375,-692.9876798076,-435.6298927344,-23.3899494375,-63.31625391,-684.5679210279,-447.2450042439
1661756400,-31.3900361244,-23.7254312604,-198.4306491975,-736.2550028631,-22.19169375,-1204.7828651391,-692.2386703119,-435.6298927344,-23.3899494375,-61.88498544,-683.8180484796,-447.2450042439
1661760000,-31.6773264384,-24.0129767424,-198.7592654064,-739.8890980284,-22.19169375,-1194.3158120319001,-692.5911549375,-436.3591922544,-23.7254312604,-60.835236524399996,-683.8180484796,-447.2450042439
1661763600,-31.6773264384,-24.3005126556,-199.13481084,-745.1399740764,-22.19169375,-1282.7305178750998,-692.5911549375,-437.81758716,-23.7254312604,-59.7853589616,-684.5679210279,-448.3373013111
1661767200,-32.0124863775,-24.9234743079,-199.46339913990002,-752.3536790199,-22.4792902656,-1277.5644917631,-694.4414201319,-440.6880067239,-23.7254312604,-59.117188076400005,-684.9207756471,-450.8399046396
1661770800,-26.4567269991,-23.7254312604,-199.46339913990002,-762.4407087804,-22.4792902656,-1276.3530744471,-696.6435054519001,-444.69571569510003,-23.7254312604,-58.4012328879,-684.9207756471,-454.1148246684
1661774400,-26.4567269991,-23.7254312604,-199.7919744156,-773.2542866076,-22.4792902656,-1209.6016572879,-700.2975,-448.6558591164,-23.7254312604,-57.7329540879,-685.6705352304,-457.7520086364
1661778000,-29.85765951,-23.7254312604,-200.49602043509998,-782.4851911164,-22.19169375,-20.178250214400002,-704.3455711344001,-451.93169775,-23.7254312604,-57.3987951516,-687.8752652603999,-461.3420584479
1661781600,-30.767540951100003,-23.7254312604,-200.87148719189997,-789.2701139676,-22.19169375,-20.465913711600003,-708.3913925375999,-455.56990239,-23.7254312604,-57.0646231911,-689.6826480351,-465.3391481775
1661785200,-31.0548519975,-23.7254312604,-200.87148719189997,-794.4848837436,-22.4792902656,-21.0412119996,-710.41345959,-458.4337912479,-23.7254312604,-57.0646231911,-691.1370462144,-468.92569128959997
1661788800,-31.0548519975,-24.0129767424,-200.87148719189997,-796.8737073950999,-22.19169375,-21.0412119996,-712.0394966919,-460.2515858319,-23.7254312604,-57.0646231911,-692.5911549375,-471.8300289024
1661792400,-31.0548519975,-24.0129767424,-200.1674730684,-796.482864,-22.19169375,-21.3288467904,-712.0394966919,-461.3420584479,-23.7254312604,-56.7304382064,-691.8861686751,-472.91887482239997
1661796000,-31.3900361244,-24.0129767424,-199.46339913990002,-792.0952560471001,-22.19169375,-21.0412119996,-710.41345959,-461.3420584479,-23.7254312604,-56.7304382064,-692.2386703119,-474.3704312256
1661799600,-31.3900361244,-24.0129767424,-198.7592654064,-785.7044865984,-21.9040876656,-21.0412119996,-707.5560267975,-460.2515858319,-23.3899494375,-56.7304382064,-691.8861686751,-474.0075676416
1661803200,-31.6773264384,-23.7254312604,-197.72642775,-778.4807941116001,-21.9040876656,-21.0412119996,-704.7414572871,-458.79738418709996,-23.3899494375,-56.7304382064,-690.7844914176,-473.28178944
1661806800,-32.0124863775,-23.7254312604,-197.0691004416,-771.6420081111,-21.9040876656,-21.0412119996,-701.0896909403999,-457.38836679,-23.3899494375,-56.3962401975,-690.7844914176,-472.1929945536
1661810400,-32.0124863775,-23.7254312604,-195.98909247990002,-764.0114359836,-21.9040876656,-21.0412119996,-697.7002703751,-455.9336292924,-23.3899494375,-56.3962401975,-690.0352559919,-470.7410298816
1661814000,-32.0124863775,-23.7254312604,-195.33162748709998,-757.9884443376,-21.9040876656,-21.3288467904,-694.0890248151,-454.1148246684,-23.3899494375,-56.3962401975,-689.3300230671001,-469.28879303040003
1661817600,-32.2997559591,-23.7254312604,-194.2983629559,-753.1838834555999,-21.9040876656,-21.3288467904,-690.7844914176,-452.65947476760005,-23.3899494375,-56.3962401975,-687.8752652603999,-468.56257253760003
1661821200,-32.2997559591,-23.7254312604,-193.5937906524,-748.3323845775,-21.9040876656,-21.3288467904,-687.4784628950999,-451.20385268760003,-23.3899494375,-56.109774395100004,-687.1257316071,-466.79212501589996
1661824800,-32.2997559591,-23.7254312604,-192.88915854389998,-745.5336354830999,-21.9040876656,-21.6164720124,-684.5679210279,-450.4759395804,-23.3899494375,-56.3962401975,-687.4784628950999,-466.06567061910005
1661828400,-32.5870159719,-23.7254312604,-191.8555899375,-741.9023862383999,-22.19169375,-21.6164720124,-681.2590816704001,-449.38394233559995,-23.3899494375,-56.3962401975,-685.6705352304,-464.6125576911
1661832000,-32.5870159719,-23.7254312604,-191.15081031,-740.67697344,-21.9040876656,-21.9040876656,-677.9928948155999,-447.9732192999,-23.3899494375,-56.109774395100004,-685.31771676,-463.88589915989996
1661835600,-32.5870159719,-23.7254312604,-190.4929620336,-738.6633428796001,-21.9040876656,-21.9040876656,-675.0344160758999,-447.6091202775,-23.3899494375,-56.3962401975,-684.9207756471,-463.5225443775
1661839200,-32.9221405596,-23.7254312604,-189.78806678310002,-739.0573583319,-22.19169375,-21.9040876656,-672.8699971164,-446.88087119910006,-23.3899494375,-56.3962401975,-683.4651407004,-462.06895513589996
1661842800,-33.20937984,-24.0129767424,-189.4590951996,-740.67697344,-22.19169375,-22.19169375,-671.0142729216001,-446.88087119910006,-23.3899494375,-56.3962401975,-682.3621942479,-461.3420584479
1661846400,-33.5444802399,-24.6359591271,-189.4590951996,-745.1399740764,-22.4792902656,-21.9040876656,-669.5558749839,-447.9732192999,-23.7254312604,-56.7304382064,-681.6562213359,-461.7055152975
1661850000,-33.8316987879,-25.2588965916,-189.4590951996,-750.3433130151,-22.4792902656,-22.19169375,-670.6607484863999,-450.11195751,-23.7254312604,-57.0646231911,-681.6562213359,-462.7957837791
1661853600,-34.166775,-25.8338759196,-189.4590951996,-759.9966706524001,-22.4792902656,-22.4792902656,-671.7654558639,-453.3871837404,-23.7254312604,-57.0646231911,-681.6562213359,-465.70241790389997
1661857200,-33.5444802399,-23.3899494375,-189.4590951996,-772.8621442478999,-22.4792902656,-21.9040876656,-675.7851878256,-457.7520086364,-23.7254312604,-57.7329540879,-683.4651407004,-469.65187776
1661860800,-32.0124863775,-23.3899494375,-189.78806678310002,-786.48733839,-22.766877212399997,-22.19169375,-687.1257316071,-464.6125576911,-23.7254312604,-54.7728074631,-684.9207756471,-473.28178944
1661864400,-32.0124863775,-23.7254312604,-190.1170253424,-797.3079525831,-22.766877212399997,-22.766877212399997,-692.5911549375,-468.56257253760003,-23.7254312604,-51.1906193856,-687.4784628950999,-476.91
1661868000,-32.0124863775,-23.7254312604,-190.1170253424,-804.9029407355999,-23.1023832231,-22.766877212399997,-692.9876798076,-472.5559431936,-23.7254312604,-48.89723437439999,-689.6826480351,-481.03502145510004
1661871600,-32.2997559591,-23.7254312604,-190.1170253424,-810.4963201959,-22.766877212399997,-22.766877212399997,-687.1257316071,-474.3704312256,-23.7254312604,-46.60323696,-690.7844914176,-483.6630074871
1661875200,-32.5870159719,-23.7254312604,-190.1170253424,-813.2696885799,-23.1023832231,-23.1023832231,-681.6562213359,-477.6354379776,-23.3899494375,-44.9301444375,-691.8861686751,-485.9277950271
1661878800,-32.5870159719,-23.7254312604,-190.1170253424,-809.6727668736,-22.4792902656,-22.4792902656,-662.9673833436,-472.5559431936,-23.3899494375,-43.3045427751,-688.5806385276,-485.1578418204
1661882400,-32.9221405596,-23.7254312604,-189.78806678310002,-804.0787359375,-22.4792902656,-22.4792902656,-650.4817361664,-470.37799618559995,-23.3899494375,-41.6308083456,-687.4784628950999,-484.0254181479
1661886000,-32.9221405596,-23.7254312604,-189.4590951996,-796.8737073950999,-22.4792902656,-22.4792902656,-639.4396034558999,-468.92569128959997,-23.3899494375,-40.6742424816,-686.3761211376,-483.25527516
1661889600,-32.9221405596,-23.7254312604,-189.08311172759997,-790.0960408839,-22.4792902656,-22.4792902656,-623.9796144375,-467.4731142144,-23.1023832231,-39.6697338975,-684.9207756471,-481.3975554471
1661893200,-32.9221405596,-23.7254312604,-189.08311172759997,-782.4851911164,-22.766877212399997,-22.766877212399997,-608.4874359759,-466.06567061910005,-23.1023832231,-38.7129500775,-683.8180484796,-479.90199308760003
1661896800,-33.20937984,-23.7254312604,-189.08311172759997,-776.0857866230999,-22.766877212399997,-22.766877212399997,-599.2123734831,-464.6125576911,-23.1023832231,-38.0431381431,-682.0092162975,-478.7687985951
1661900400,-33.20937984,-23.7254312604,-188.4250997184,-769.6370463519,-22.766877212399997,-22.766877212399997,-590.32787184,-462.7957837791,-23.1023832231,-37.0861735791,-681.2590816704001,-476.91
1661904000,-33.20937984,-23.7254312604,-188.0490694656,-764.8402920159,-22.766877212399997,-22.766877212399997,-581.4328442511,-460.61509371510004,-23.1023832231,-36.4162351239,-679.8027186975,-475.09610736
1661907600,-33.5444802399,-23.7254312604,-187.39097559,-759.9966706524001,-22.766877212399997,-22.766877212399997,-573.2884778391,-459.5245190319,-23.1023832231,-35.7941027676,-677.2423489959,-473.28178944
1661911200,-33.5444802399,-23.7254312604,-187.0148985564,-755.97965559,-22.766877212399997,-22.766877212399997,-564.37329756,-458.4337912479,-23.1023832231,-35.12406384,-676.8891243831,-472.91887482239997
1661914800,-33.5444802399,-23.7254312604,-186.30970826790002,-753.5771046975,-22.766877212399997,-22.766877212399997,-556.1656251879,-457.38836679,-23.1023832231,-34.4539728156,-674.3277371991,-470.37799618559995
1661918400,-33.8316987879,-23.7254312604,-185.6514767079,-750.7803969471,-22.766877212399997,-22.766877212399997,-547.9939749375,-455.9336292924,-23.1023832231,-34.166775,-673.9302004284,-469.65187776
1661922000,-33.8316987879,-23.7254312604,-185.2753209975,-749.1630536316001,-23.1023832231,-22.766877212399997,-544.2644200944001,-457.7520086364,-23.1023832231,-33.5444802399,-671.3677803456,-468.1994367744
1661925600,-34.166775,-23.7254312604,-184.9461707964,-748.7258713536,-23.1023832231,-23.1023832231,-534.1899761904,-454.8423975516,-23.1023832231,-33.20937984,-670.30720704,-467.1553266975
1661929200,-34.166775,-23.7254312604,-184.2408050799,-748.3323845775,-23.1023832231,-23.1023832231,-529.32788976,-455.2061584764,-23.1023832231,-32.9221405596,-669.2022803775,-465.70241790389997
1661932800,-34.166775,-23.7254312604,-183.9116139456,-749.1630536316001,-23.1023832231,-22.766877212399997,-522.6149221191,-454.4786196156,-23.1023832231,-32.5870159719,-667.7435228124,-466.06567061910005
1661936400,-34.4539728156,-24.0129767424,-183.5824097871,-751.5670810431,-23.1023832231,-23.1023832231,-518.8729246464,-455.9336292924,-23.3899494375,-32.5870159719,-667.7435228124,-466.06567061910005
1661940000,-34.789024839899994,-24.6359591271,-183.20616051509998,-756.3727237311,-24.6359591271,-24.3005126556,-527.8416338559,-468.1994367744,-23.3899494375,-32.2997559591,-665.1347197239,-467.1553266975
1661943600,-35.4590898159,-25.2588965916,-183.5824097871,-764.4476879616001,-24.3005126556,-24.3005126556,-523.7416709616,-469.28879303040003,-23.3899494375,-32.0124863775,-664.0732469511,-469.65187776
1661947200,-36.08124636,-25.54639104,-183.20616051509998,-773.2542866076,-23.7254312604,-23.3899494375,-511.3834364124,-462.7957837791,-23.3899494375,-31.6773264384,-662.9673833436,-472.1929945536
1661950800,-37.4211232704,-25.54639104,-182.5006472796,-779.2644401136,-23.3899494375,-22.766877212399997,-510.2548668399,-455.2061584764,-23.1023832231,-31.3900361244,-660.0028496799,-473.28178944
1661954400,-38.0431381431,-23.7254312604,-181.8421143024,-782.0935559031,-23.3899494375,-22.766877212399997,-504.6547062999,-436.7238164976,-23.3899494375,-31.0548519975,-661.1091585024,-475.4589199104
1661958000,-39.0478365084,-23.7254312604,-181.4657863536,-781.70189916,-23.7254312604,-22.766877212399997,-508.4036531136,-442.5099477879,-23.3899494375,-30.767540951100003,-661.5073890111,-475.8217154496
1661961600,-39.6697338975,-23.7254312604,-181.1364854439,-779.6562308199001,-23.7254312604,-22.766877212399997,-508.04238858239995,-446.15255407589996,-23.3899494375,-30.767540951100003,-660.0028496799,-475.4589199104
1661965200,-40.3394193111,-23.7254312604,-180.80717151,-776.0857866230999,-23.7254312604,-23.1023832231,-506.5519925775,-448.3373013111,-23.3899494375,-30.4802203359,-659.6487957711,-475.09610736
1661968800,-40.6742424816,-23.7254312604,-180.43079678040002,-771.24977724,-23.7254312604,-23.3899494375,-504.2932652775,-450.11195751,-23.3899494375,-30.4802203359,-658.5422676636,-474.0075676416
1661972400,-41.0090526279,-23.7254312604,-179.7721000704,-766.8465987231,-24.0129767424,-23.1023832231,-501.6723091239,-451.93169775,-23.3899494375,-30.145000857600003,-657.0813961911,-472.91887482239997
1661976000,-41.34384975,-23.3899494375,-179.39567856,-761.6115749871001,-24.0129767424,-23.1023832231,-498.64353984,-452.29559476440005,-23.1023832231,-30.145000857600003,-655.6202352624,-471.8300289024
1661979600,-41.6308083456,-23.7254312604,-178.7368999836,-757.2024635483999,-24.0129767424,-23.3899494375,-496.0206566364,-452.65947476760005,-23.1023832231,-29.85765951,-653.7601572636,-470.37799618559995
1661983200,-41.6308083456,-23.7254312604,-178.0310079831,-752.7906406838999,-24.0129767424,-23.3899494375,-493.03490878559995,-452.65947476760005,-23.1023832231,-29.85765951,-652.6970450364,-469.28879303040003